20.6064701
21.06599556
22.09814634
22.22476569
17.02981637
20.33743829
15.56511804
13.58011763
15.6543681
13.78693847
17.50666072
16.79572769
22.70766797
18.53664476
14.9446252
14.93765181
15.63926167
29.66981037
16.86585818
14.60593593
17.36263084
14.79717727
33.98764057
14.79147039
15.78257443
15.24423612
20.30739319
15.14772279
20.03872761
14.45929675
15.05679429
16.19363717
15.07402168
15.72025656
16.58448174
16.8865799
17.27748549
22.47722614
13.32385767
12.96807829
22.79537673
18.24695224
28.48065957
14.54885196
15.79310312
21.53015977
14.11819659
14.93897938
14.30951421
15.48299404
12.69919905
13.67660048
15.18382563
18.52207241
14.39731462
15.05394086
16.26245539
15.40280785
12.69921432
14.82536066
17.13476792
13.62420103
12.25792345
18.03811728
20.05761837
13.71993611
15.68128505
16.82865668
17.34274841
16.0368813
17.1006335
23.30922436
21.61391649
23.04393103
17.12050074
23.20337256
22.56952802
15.83257823
21.01821955
20.626261
16.42551331
23.5946749
19.43753745
22.63794947
23.20013764
17.89492663
16.88899086
25.32507851
23.25439872
21.18048396
23.74695994
15.94457943
16.00724826
21.3608151
16.25374248
18.45020243
15.75603893
19.21789903
16.12736723
17.46034965
18.58513792
17.69324814
20.95986905
25.29979429
19.15385697
19.50206786
22.74944719
18.83888025
17.49024205
21.42638314
20.7958498
12.37007723
12.13182284
17.12423916
11.4254522
21.51584677
24.41171927
21.51442767
18.88082732
18.60694313
20.96200532
18.81986751
22.43282248
20.71525169
19.37425831
19.59359153
20.63283774
19.84177948
20.28725139
20.82893144
17.85963254
17.09259201
20.78260502
19.42026429
17.49423995
20.94996592
26.07800442
23.16908553
22.19565142
25.24620461
16.75179696
24.3630124
25.93420338
21.59812344
22.51017044
18.71883753
15.53772811
13.07962174
25.74323678
26.76945174
24.2432291
27.45104172
21.86100585
20.27948444
25.12692483
31.54531197
16.83192206
19.45885421
24.9109639
19.97575363
21.98420717
29.91752532
14.74113086
16.44977512
19.08708351
17.7805602
19.30768311
16.71090278
24.00756872
19.28728186
16.20692781
21.87911832
12.11104005
14.65445962
22.16163912
20.84895118
15.16586576
16.2571605
17.38980716
19.22908399
17.74496095
19.00938449
14.21887559
16.50107596
22.14547979
29.75657315
15.87191598
20.41330613
18.69477405
14.67296882
14.68136129
13.3067981
19.61686146
17.77888177
25.04724219
20.99046341
17.2776534
17.55292613
13.60805695
17.56208153
23.67063433
15.04750154
20.90167113
11.58515317
20.82760388
23.86312684
21.10203737
20.91250503
10.95716812
15.16969579
20.10675237
22.88751077
20.66508004
16.54035269
21.14882151
12.3457391
32.5095907
25.10600474
31.00994925
31.06654493
25.84377851
19.93456956
21.27771446
25.28828904
25.84733375
27.76432467
32.81129202
40.01507633
35.2613417
40.69402653
20.47745503
35.58553486
34.38452775
45.36626273
14.98779296
39.77836315
33.78197951
25.47640218
31.34415231
16.04014665
29.42783275
34.12040931
13.49451455
29.29462146
14.46178394
17.3331962
31.75317041
15.63068607
34.27536469
31.04766953
15.10125904
14.98788452
31.09570493
16.42731384
14.79130254
25.60303681
16.52156884
14.80758393
14.72977818
17.41745651
14.47107672
13.40921663
13.52387293
16.36942118
19.70363952
17.96728491
15.39153146
19.62294985
20.10919384
11.32768763
21.0116124
19.63416521
23.7781036
18.03875816
18.35649679
13.78626707
14.03013676
19.00489841
20.04152009
20.45299488
24.69463676
15.33710254
22.30675242
18.85389517
15.63657609
19.82471992
22.34395395
17.07226697
15.73417281
21.8610059
13.27402173
12.13757554
15.34190914
12.08868563
11.3124134
22.70946845
24.65854914
16.11424449
16.25264385
26.60625644
15.85722154
18.36058622
17.59720786
14.48039999
13.92158409
23.20660751
18.41011701
25.36440102
19.01585441
17.68111721
24.27263324
17.28232267
18.86944411
12.56047931
16.69297345
25.80685159
17.15936549
16.17679126
15.00607334
20.77624193
12.63990253
20.61391644
20.3308311
18.59948145
27.67405227
16.7822387
10.40930816
18.82630675
14.98171985
17.21924182
26.21705981
26.79626175
22.32260651
11.60396753
17.07986591
20.3106587
22.72698584
17.3310905
21.29771905
31.4609601
11.61824994
14.27750073
16.25281169
17.06912352
21.00471535
16.03941426
28.50653878
15.36514858
23.72967142
15.39404919
20.76057086
31.63595059
20.45613822
15.65264382
35.05918999
15.8053866
21.50371575
14.8312659
18.3204855
45.04757793
20.72901527
20.97051978
20.06112787
25.73672107
35.41951651
28.71041458
24.89222588
21.42636788
21.75144611
21.03018266
18.04557891
22.815885
20.33305892
19.4172887
22.03979584
20.35487936
21.82920607
21.63682035
22.49884825
21.94387764
21.37900389
17.71902063
18.12315579
11.55004214
15.01493879
21.06660595
14.88989109
19.12842017
26.72005831
24.10298342
14.9072406
27.17334281
23.79321002
23.51625875
24.53411179
22.70658453
25.98721327
23.83431785
13.7208516
16.31038395
16.64493801
16.20553923
14.85673324
14.87089361
12.04612823
15.74192438
10.0039675
16.61199379
13.53420327
11.49916857
12.57582988
10.12111101
11.23036562
24.82261418
32.08621372
15.24470916
11.75037785
20.09068468
14.69329383
12.11337472
17.18481755
10.5643551
18.26883363
10.3220113
16.4903183
29.00297577
23.54056631
29.59436976
25.11808983
30.2670485
10.55074404
25.1194021
34.8979328
11.84678432
15.86242485
28.60431859
14.74355707
22.75127819
15.74714294
18.98515317
17.42438409
20.59784871
14.42427728
22.78274231
22.2199743
27.82395705
23.74735671
27.90559275
23.81191753
25.63366169
28.70685925
15.53994071
15.75693923
36.0510113
16.00320463
15.31055185
11.60219747
11.09469765
15.07693618
31.70534855
25.89776485
15.7113453
22.63398211
18.96101344
22.08778541
18.26175353
21.92690958
23.99954256
17.10188471
19.14448794
20.20141936
16.48743443
19.68616794
17.169177
19.56527076
26.41426738
14.23913959
27.70960584
49.91691501
24.85975465
20.91204728
14.57886646
13.26314204
13.76971103
14.44008564
14.38703004
13.41138341
24.6263221
13.36925327
14.65848804
17.62192743
19.26340146
21.63207476
20.90710331
20.71218458
19.02887031
17.73160926
11.43509592
11.87310614
21.02221742
12.15918228
18.63175426
16.87977437
19.68026269
15.46724675
16.9339897
15.48256678
24.72518529
16.09137124
17.035157
15.45833543
14.79971029
20.04179473
13.00988801
21.82278202
21.61886044
21.80441014
12.31401559
16.06704834
21.99305741
16.36926855
14.4134434
19.99198931
19.80282322
18.82642889
19.45426138
31.72535318
20.84759321
18.0838181
16.65268963
15.8636456
28.25004994
15.86343198
15.78141471
18.33463066
19.29378226
17.22070674
20.27548665
16.27737872
10.10859862
17.04769995
21.29910758
22.54155826
23.57021469
22.31212355
26.97497551
20.47365554
12.53987963
22.67205338
16.06898624
21.21925714
14.41931811
14.58562619
16.45929678
19.19725355
24.865431
11.82644405
25.23740015
22.21899772
22.20831646
53.45055353
22.12243868
25.75664943
19.9101399
23.06114316
21.03820882
24.98664858
23.96084566
18.00483729
27.58995976
27.19560571
30.74868424
27.21525937
25.99063126
30.54969133
23.07808066
25.31384785
25.14461004
21.81129196
26.18791519
26.99743681
18.37592145
25.09422469
20.74927923
17.48216999
18.27447953
22.61164294
21.46495792
24.32013463
25.50461617
14.20619537
21.04515171
22.75132401
12.45333046
17.75672563
12.81414528
12.26643796
13.58703001
15.65584825
29.2932025
22.94866898
12.95187322
22.75909083
15.89665088
14.40810273
13.45017185
12.36780366
19.17491441
13.17090125
13.21252785
14.22485713
12.03579782
15.82644413
19.10014526
10.50528739
13.24167261
14.89468246
19.61054424
15.71381725
12.29077609
10.60321982
17.61496934
12.93502729
12.05180458
11.12954927
11.71126898
11.14020009
12.33786545
11.04229817
14.04391569
13.65157572
10.40422691
14.46215017
15.61742601
15.85526837
16.36449245
14.55140022
14.08998263
18.33925406
18.16527074
13.76008259
19.72910679
16.74077996
27.65085872
15.87457104
18.40236538
16.76231045
15.33115151
13.53173131
31.44211525
17.39617019
13.26472896
15.4283362
14.90366996
21.49251571
18.25131634
17.16498077
14.67766863
18.20122098
14.98246755
18.05737413
17.61640369
13.99578871
23.0723891
43.76914667
12.8682843
18.3730223
15.12236229
13.71711315
13.88017109
14.98699953
11.33952865
20.87632584
20.75439104
17.36403462
13.30035874
18.68424525
11.05133152
17.25249122
19.44660132
21.5863892
14.63126589
25.26340155
31.00837751
19.18196407
15.33450847
27.62197329
21.19810817
18.32698579
28.47327408
15.81304668
18.47344192
21.11602987
19.13427963
17.43520276
21.37702017
20.19807766
12.48227683
13.4699628
22.10296811
14.9124592
16.92578037
22.81168868
18.09213423
10.33098359
17.97056555
12.01405373
30.4050358
18.14183289
18.38472594
21.84260348
16.44267972
12.94438106
17.69140182
11.58135367
22.2447245
23.67733306
16.14975228
32.0111241
22.00126678
18.66521726
37.79617029
21.70836984
21.52723
22.36330234
28.61509143
35.04846293
32.75124769
20.42354491
30.74505255
40.22786329
35.39180622
18.7018085
21.70171696
21.8333413
23.44409892
45.17145075
17.43553852
15.53383711
19.74810437
21.02896192
20.16029633
22.0547039
17.90705757
17.29962641
16.65728262
29.42426219
20.27570035
15.52433075
20.20395241
23.44947015
26.20260954
12.32062274
16.29445354
34.07563926
22.06016666
22.87014603
14.55440626
17.8750898
18.34578488
17.5794616
22.58416141
25.19946619
19.44821872
20.69813108
16.76845982
14.77239664
41.99516324
49.20360147
14.98031608
20.13958975
13.27597481
23.41931814
22.58278806
19.22314815
9.330495309
14.0243994
33.60991872
17.17920216
14.71866962
20.43691179
22.85047706
21.11430562
22.18159787
13.25429176
12.71613657
28.22525399
22.04765414
12.98565669
20.42951121
37.25539062
16.1393151
23.49683399
16.88021693
23.13632437
19.87841637
20.09312606
13.564935
30.58219308
21.67667686
26.66982557
49.4441447
79.79075335
19.9978487
15.7592586
16.84298488
20.38580934
21.06694158
17.13672104
15.19345406
15.33727035
23.36301242
22.59859646
18.29242413
15.56763582
16.95407055
16.16772739
17.10815619
16.3777068
25.67156514
15.58635865
17.87988121
18.21664785
16.00412015
23.60909471
15.42327023
15.46262323
25.19940518
14.58909001
21.34654793
14.60135827
13.42862613
13.45642808
17.04820346
12.97740157
11.90695065
16.30876653
21.8081181
12.95223945
11.72906098
14.14383174
12.03613355
10.04411398
12.17485332
23.03209007
19.45258287
12.28059831
20.8560772
11.01399267
26.9445948
14.55298714
26.6049747
11.39485787
23.42119506
23.57056564
18.32445284
20.10630989
9.466636294
18.07492208
11.85720624
18.07321305
12.49713914
15.69776477
21.07380814
17.70479923
15.26878788
12.49733749
14.37378518
19.72632968
26.1886628
17.3120167
34.68227691
21.63686604
19.94811952
12.20984224
24.66442384
14.1479822
22.30081655
14.01770066
12.3592128
19.75332282
11.95800734
14.87940815
13.95104922
25.72488016
15.98498531
14.45087375
15.7126881
25.67907254
12.2374458
30.00215185
17.51528214
20.45493277
13.19980178
16.47202278
19.98625187
21.42458257
30.15748872
18.05256757
22.09448415
22.77941585
17.05774034
22.65543633
14.6657208
21.50284603
23.9659269
17.31396985
22.9620816
22.84063502
25.91844079
20.19609398
20.01751765
17.92857275
17.59111951
18.95178179
16.94267212
17.11616718
18.3871521
12.17555518
21.58980726
13.70142692
22.2403299
23.27437275
20.58417667
12.72623808
16.53858265
21.52730625
20.93414234
16.83147954
14.19320992
16.24576199
28.94012399
12.71964618
21.42957223
13.35976213
13.40776701
25.41129198
15.74929449
12.2757612
22.94866884
19.80921673
19.40926253
21.92466648
16.01649521
14.33313517
15.40894197
18.37871395
17.22433832
17.40128196
22.02821426
18.05191141
24.90164059
14.96083031
19.65366625
17.6868088
30.40479166
24.22917551
19.10872076
16.18149099
24.84473973
24.99288954
18.79522414
15.50574524
14.96903961
17.97935474
14.7137104
17.14914184
14.4097507
17.96749847
18.1732664
17.61092565
28.34258061
18.55619155
16.98724365
14.01217688
16.80531031
17.15288033
15.78704527
20.33154826
16.27852312
16.00250267
15.56829192
17.05319315
25.3042652
16.32346095
14.82215626
12.48081195
16.16015889
17.80662263
18.00270104
16.86550717
16.57874436
17.08332972
28.48905198
16.03399731
13.70798825
17.74161916
14.66071584
16.65577193
12.39388131
24.63953635
15.47005434
12.39748241
17.17776779
20.0559245
18.35933488
15.61834153
15.37106907
29.46854385
13.96493494
18.17537212
18.85890005
17.20933872
15.53487467
15.57729476
15.36006731
22.85610771
13.90585199
19.1488825
17.31593825
15.91343574
12.30293753
15.12204183
15.75428416
25.2769363
12.98457328
21.98950203
13.31552624
13.75404001
15.08329918
14.61298565
20.68851783
25.55724453
14.58027029
14.46967289
15.36437039
13.46393547
25.41022387
14.00451685
12.76649136
16.26495786
13.46172294
11.59717725
14.97190833
13.39783338
14.38936463
36.20639395
13.09506387
13.18515317
11.86677364
10.97103854
23.45392566
15.55411632
15.39696363
12.36195941
12.35129337
15.60950655
13.57235081
12.12065326
14.83315804
14.46182976
13.86689574
13.20935396
12.60134297
12.78490899
20.68630529
10.72184345
13.88175805
12.30748472
13.28641203
13.03578257
21.31664015
12.92738246
13.3505457
19.96018949
12.23505016
19.21760914
15.27450999
14.32211816
15.58837284
12.62928225
11.98812864
20.49095931
18.29520124
19.81754813
15.43074712
20.45110274
13.14248895
12.16571317
13.76978733
15.59375926
12.21034578
13.08979952
13.56241721
11.78999026
10.92652797
11.68390952
9.954451969
18.34453373
14.33862843
10.59606332
37.85276584
9.764049894
21.88378758
16.49886341
9.657206227
13.80001547
20.31122326
21.57044356
11.77766096
14.54241268
10.73685833
10.15269718
11.28601527
13.93882679
14.68632052
18.17059614
15.72318627
18.83305131
13.94424373
18.22046259
13.11761669
14.89457562
19.12524627
24.19375936
16.27707349
13.48035418
14.47306039
22.36983311
14.65200295
14.7985811
18.37969042
16.7631649
16.08444363
16.10629452
15.2570842
17.09663564
21.64518218
16.4616314
20.55431476
16.90580626
15.11642654
20.66814704
18.71470225
20.79891687
19.10168634
32.05554322
22.49219529
15.83537057
19.88914344
18.37178624
15.79920674
14.40276205
19.98497008
15.18300161
27.48865515
25.42874827
21.6621655
12.38780821
16.33962026
23.78660287
14.1019152
20.37718802
13.52393396
13.50945314
21.75358228
20.30374637
26.00045794
13.5705808
26.47074113
19.1066913
20.29469773
27.97331228
17.40434908
20.6736251
12.82259879
21.72553623
22.59826072
14.22470455
35.89607098
30.59150107
17.91322218
24.49980951
14.66874209
20.12674169
33.60825545
18.52269804
10.26437797
12.57712693
19.15948748
32.02275152
23.85096541
25.96844462
32.38516856
14.77482281
22.25980037
16.22734437
37.54900463
23.56710178
18.28456571
18.26515628
21.65770986
19.18443606
25.78326119
27.53888799
34.43929243
16.00244162
17.12883215
22.51989039
16.09347697
13.96719327
14.81397748
19.77541797
27.39769621
17.14273313
16.9654233
18.37743215
14.376776
29.08648837
20.25845754
17.87779074
19.2631573
19.56763588
15.26903204
14.35948749
13.77456344
24.64004005
12.36493495
20.29098987
13.89520124
18.71906642
13.1711759
19.02705453
14.16566741
19.21087994
17.19217237
14.54602903
21.4099949
18.60668369
17.98341364
18.31010933
18.19435437
15.89771899
27.93350146
16.03175425
15.73400494
15.18162836
15.10447871
19.42439942
24.49225635
23.2757766
14.8469522
25.12004304
15.69573531
25.22839737
14.84243553
21.15637471
19.70595894
23.52195041
17.23973472
15.88342127
20.44550265
14.13929981
13.56568266
17.44820349
12.67066468
27.74413706
12.56575893
19.86614807
18.95542857
21.96626261
15.209827
13.51798295
13.9463495
15.70989568
14.86337091
25.52910693
15.39699419
28.10823259
10.46411856
13.09022678
10.08052201
27.29127969
14.50278499
14.48151391
23.56733065
12.65171301
14.36054033
14.62444518
13.92680267
13.18585509
10.08792265
13.40665314
11.23617929
12.45325418
12.96971104
14.58571776
13.44092491
20.0763411
11.86422539
33.15558122
12.85973926
14.73434065
13.5289847
13.89675766
19.58324579
21.91651815
11.99523937
13.89530806
17.38384097
12.0910813
12.59090584
17.38056025
15.27992693
16.80637845
16.09486554
15.73096838
16.50644716
14.87820268
14.95251412
15.70782044
17.04458709
15.29094396
15.38561096
14.75152229
12.94303824
14.85732833
12.36658291
27.85793875
15.65789293
14.48365013
12.1923554
14.50341058
15.64701325
11.60064106
13.60656157
30.1683531
36.56797167
24.63265458
29.6970477
16.47307568
22.41435899
14.95277354
13.5248495
25.45122476
30.33696531
14.31044501
13.57937001
12.05529889
22.96730021
14.32166041
15.10740849
14.67345713
16.53369978
12.16665924
12.03337168
20.86872691
14.45569566
25.31216938
11.33618694
12.26048696
11.89942796
21.04759322
17.72753517
12.73104465
13.9582515
14.0101169
26.34062747
22.64966838
16.21522871
12.91650281
21.57102339
32.67617337
28.19768094
14.51296273
13.06817748
14.25290323
23.51734219
29.58341373
22.85966304
16.24425138
23.796094
22.48715987
26.97108442
20.38164364
13.18948673
26.74564765
23.01498469
23.49800899
23.46848278
16.85775561
21.61153608
25.13688894
19.3184713
19.7224692
25.31456505
23.40492898
22.24280183
27.26550727
18.46346252
17.8419015
20.11169626
23.54299259
18.94457944
17.82519287
23.30319704
18.35996053
15.8838943
17.35643569
18.40047324
16.5742735
25.39681111
16.91886799
18.38272705
17.87780598
13.55048465
14.32005821
21.88888409
13.88621365
10.72445273
15.68163597
16.84538058
14.02256829
15.98361199
9.872007459
14.49817673
11.00239583
16.43689654
14.07101568
14.81023902
17.51284073
20.42417058
14.29964161
17.04251188
13.18835754
14.6483408
14.26521723
16.3006182
11.35759535
14.16496548
11.25964768
13.0249792
21.34106998
13.6874954
18.36984845
19.05934263
20.62735968
13.11813555
11.12759608
15.73530201
15.30621827
19.2773025
10.49440772
10.66576652
20.06298955
14.69065406
18.73507307
20.62777173
15.89256141
25.66654497
14.30487546
13.8943162
11.39557506
18.05574149
20.20332666
17.42055407
15.0644391
12.40402855
14.87986593
18.95768704
11.27177862
34.93969664
20.41814327
16.45467329
21.75260573
25.39053976
20.25622979
25.46393565
63.25346779
51.04255766
27.029847
19.86855907
21.56479771
27.14802815
25.27202292
21.50998728
19.67505936
21.16249362
24.10200691
22.72555153
22.09323293
19.00355558
25.49704761
22.39703999
23.18876959
31.9483791
52.21756345
18.09881766
17.41376385
18.38524474
18.82691716
40.67978974
18.0001223
21.22793959
17.13105994
25.95078993
18.03761372
17.34287045
15.43978048
17.95111033
17.50684384
27.1646757
18.12466646
16.75935018
20.85168254
28.49530821
39.93614125
17.31239819
16.2900742
48.04382429
16.64705905
18.0137944
17.28641207
29.25578729
32.47641754
14.89173744
18.1641263
13.69024203
33.82279736
30.80749247
23.42088991
25.96014376
18.72301848
31.63361595
30.23826987
14.63942951
13.5344932
14.88451994
16.39877949
28.64905808
19.26887944
16.75550489
23.0995349
18.04454131
23.71267295
16.78229979
61.56116617
15.22983159
16.11761676
14.11979879
20.33249432
20.04928685
15.5105671
16.71625873
16.96145591
12.88468775
18.49735283
16.41168864
17.11902063
18.89620837
16.27347244
19.63886501
18.88944867
20.13945248
16.35671039
17.27869102
18.17209147
50.19571267
12.37357153
21.49687975
18.78637392
26.83561479
26.21147507
18.91790669
25.93525625
19.23846824
22.27769918
21.44907327
22.91213885
23.16810895
26.14453376
28.09190536
20.27861471
18.17708115
22.73754507
19.43067083
22.91313067
24.84513647
25.02711559
20.2953386
21.9732207
22.55642054
18.01138343
18.92799291
17.27779068
20.18666381
33.16615581
21.7822998
22.8385293
18.68029322
19.74598328
18.77267128
22.69393474
16.93775867
11.25799969
11.73240267
20.94898938
18.57357156
17.95022523
20.26276062
12.47655469
21.90882761
18.44449549
16.14451838
12.44007038
16.62378899
11.75304817
13.07261788
15.0625012
14.56615569
16.2137028
14.56194421
21.91448873
17.61373333
33.5529567
20.98468022
22.48407751
14.59398814
11.94108511
11.05160618
17.63633196
15.84889009
20.22319398
24.35678672
22.54869938
28.65772517
23.91902062
19.99096686
18.28424529
14.24860019
17.21586963
14.06117359
19.10255614
23.91111652
21.17271714
13.35971636
17.58608399
18.44960731
13.10464654
18.52875591
18.41120037
22.77257987
21.4148321
14.41805163
20.28828899
20.72616188
19.09416369
17.78944103
19.35896874
21.15913664
22.53263173
19.92134002
18.44080287
19.60654638
17.31526688
17.03546221
21.45253713
20.29190534
16.42285827
15.69729176
11.45772503
17.81823481
14.11789141
13.65494795
16.54108514
28.06508004
23.06260804
26.00372349
20.8801559
22.59906945
26.66947464
26.29185962
21.45642811
25.90852246
28.25986147
26.07296893
25.81924195
25.47917939
26.39745206
13.9324332
23.95333823
27.37879028
16.37183205
14.29436196
11.72016494
12.56801723
15.14439628
18.70058773
14.29698655
14.55300242
20.77897337
15.29961109
9.854780037
16.68426051
11.94946226
13.42584896
19.43199845
13.45404763
18.90835457
15.89399575
11.99542245
14.04255761
18.32352203
13.55683242
13.31113165
18.52233184
21.8285499
14.37055029
19.80175507
21.33254016
21.23112864
19.49933647
20.18840336
13.51071966
16.48293305
11.9096515
17.9570918
24.94699038
18.19845903
19.95188857
24.60073263
15.94197012
25.13455432
23.58742687
23.36310396
16.93432536
17.4489969
23.33884218
25.17882076
18.03776628
17.17463971
23.43076245
22.65059914
25.08586282
25.05214039
17.19208077
28.10865976
19.94340448
20.84228292
16.20836213
22.83889552
15.53688886
15.29376684
27.25783196
12.06424064
13.70731689
16.08711392
20.02215626
16.19871839
14.33307409
13.9356834
31.2081791
23.62990795
20.94528137
25.93711783
23.56473669
17.35263618
23.14935551
17.47112248
12.39389657
15.4684369
22.60952192
13.6912491
21.73830804
36.25130124
17.74847048
16.32436123
28.13920837
28.66237917
14.05770981
16.3462274
21.65999875
30.1045399
18.35410108
22.81625113
17.81799063
10.89015047
15.88995212
13.77494488
13.33560711
12.98118578
21.91468709
12.29115756
25.15864839
23.18445138
22.94993542
22.71674706
21.06469855
17.7873047
19.58316955
20.53800288
27.63169329
14.86482054
19.74207703
20.7676054
18.89791742
15.19580393
14.01937916
18.20215178
15.40921665
15.43332594
15.66561403
20.87083265
27.14853166
27.99855068
23.66083804
20.04153529
22.98829661
23.48972332
14.59131782
25.23765958
13.08340598
26.32718427
21.46190613
25.60025973
23.81028489
20.02697817
18.62262935
18.80177026
25.70347174
62.73176191
20.96850565
23.47280111
20.35774798
19.21686147
44.65395626
17.21750231
23.84150484
25.68213954
25.06659062
32.54151251
17.60717194
32.06912363
23.34413704
24.61014745
17.88188011
17.20039696
28.75623747
11.74033739
24.59011243
23.30971266
13.57087071
21.24090965
22.50443305
20.32297275
21.03323445
16.63189154
17.5095905
29.37051988
14.83878861
16.46063957
23.12465114
22.83657606
14.60956761
19.20112945
18.4822006
19.20033594
22.2974597
20.8793472
17.91383253
20.33199081
16.14018486
28.39823031
13.89182898
22.52565832
12.98918153
12.46553768
20.60379976
18.10208308
14.55573376
16.58669433
13.84927156
16.76836821
15.77683699
12.9685208
13.80265526
14.10280023
11.62537592
12.43511121
43.48299409
28.73824714
13.4720075
32.14647167
30.34128358
14.21818896
32.49611684
15.45906786
14.92893892
21.37998039
13.8726026
15.48954014
14.05076695
13.8146641
20.99513261
13.22729855
19.55870927
18.40202966
13.86153983
15.8890366
15.95333811
15.72712312
11.93054108
13.55776321
17.96891759
28.63233421
15.48026265
16.12065331
40.27032924
16.19903892
17.85030926
15.41640364
13.22952638
17.87904198
14.20970494
16.5664609
17.88011012
14.58211664
17.98588564
15.39411025
15.17866808
17.47740925
16.16467563
20.25342217
11.2444497
20.41452688
12.06550717
16.49747488
13.68142234
13.71146734
16.73843009
14.88773961
15.29658981
12.03508068
14.94961494
11.02243093
13.63083869
15.21461835
18.50855293
13.79635331
11.61333657
14.96670502
19.21326031
17.85984609
13.96556056
20.14245845
24.56141021
16.88020165
14.69964159
14.97128269
21.1715727
15.23938372
18.04541105
17.59952722
21.84203883
18.08067465
31.38086554
14.54406062
15.3044024
26.47725675
14.70896486
18.81434372
18.96295134
14.72449854
22.04074185
14.33730087
20.21583914
11.1195088
11.44441917
16.82909918
23.30608097
11.63959732
17.21002542
27.22958759
20.0564891
18.21399271
23.24451083
16.26024285
14.11570937
41.18127743
14.3230032
11.50557733
11.32935088
12.06727721
26.2371255
22.71622824
21.0254981
20.50484496
19.87850792
21.32455962
22.66010551
18.36968051
23.03300551
18.98274227
22.38641972
32.2133215
33.63820894
21.28029323
22.66135682
19.99333207
22.1897157
22.20796548
19.39008187
22.3957888
21.48314669
16.9366753
17.71030772
23.12332375
16.99815383
11.51978347
28.12040928
12.57065708
12.74592222
12.09645245
14.96705593
13.27774489
17.87377761
11.71848648
16.83555373
33.25383404
23.81121564
16.43089971
17.91075019
17.22104237
23.59357618
23.00363191
17.72114159
24.08006437
25.81648
18.45915944
20.61649522
18.35469618
32.41068165
80.54889794
20.22793947
19.02865667
41.22070668
22.72172145
19.89225628
14.49597942
19.18826605
18.11367991
21.53638541
17.24867651
18.36482816
18.67519667
21.98394778
19.27394544
16.699489
17.78039238
18.0570842
23.98567204
14.74325187
21.14409114
15.73543925
16.60865204
26.91982935
17.65954092
14.25697736
16.36250877
17.24563993
24.44026886
14.72512418
14.88618313
14.67228216
15.97228982
13.95561167
23.07306048
15.81950123
16.62150012
14.14229055
21.72216396
14.41748703
15.59151616
17.5392235
31.78797619
15.19911518
15.36096761
22.90145755
14.19586501
24.06713998
16.12449853
16.21100197
13.99327096
17.17277811
13.08574063
12.17868333
11.41455727
14.7597011
13.56592679
19.6962694
11.8523844
21.15817533
19.05954091
27.11470237
12.78822021
13.11494639
15.61855517
15.06277582
12.08627466
11.89323279
20.21190232
14.90141165
19.2231024
15.69913809
14.83563
14.5464105
20.27728724
26.09105089
24.0319527
15.05507003
12.80410487
11.21374855
19.71921901
17.82900765
21.78649605
19.23068613
13.26260795
20.35538294
13.85397137
15.3244528
13.52419338
18.92587194
17.40387604
18.55928918
9.651362031
16.49231729
12.78908998
16.53572923
11.76304281
12.39375924
14.73684312
15.72474271
13.745617
13.35899921
15.92652807
14.39517835
12.83830029
14.11978353
14.62075248
11.81306189
16.88334502
11.17763045
11.05983079
20.03222733
9.877927983
18.76009794
11.87154974
14.66445434
14.21054419
11.34593745
15.30450921
21.94187866
18.29794787
14.39449168
14.29501812
26.50748484
12.63752211
23.75558128
15.72594818
19.1156636
18.73090736
15.26434748
17.54192437
16.97332746
15.05740462
14.63328011
21.28972325
25.03736965
18.12784031
21.16403469
15.01626631
15.55964009
18.12097375
13.14287041
23.40560032
15.63476026
15.31940205
18.698604
26.92861848
18.30017566
17.18394768
13.28041521
16.98483273
69.48706829
28.18159784
18.86805549
14.02047779
29.4481119
17.54728025
20.41498454
25.05745047
28.18313902
19.18941044
19.52628385
17.17753889
20.57619614
26.70798839
18.30443295
10.87856885
14.21115448
16.81168863
15.73077002
15.42572689
15.7344932
16.22674929
14.11132999
14.00213643
14.15382636
16.36337855
16.60785859
14.50949895
20.64716584
28.87274007
15.15255987
13.0305945
15.33449323
15.32231652
25.2964831
13.04393089
16.07902671
16.32446809
36.23947543
17.1152059
21.42696296
22.51969204
21.47328937
21.56423313
21.64502964
38.72474286
24.46161626
22.49520131
23.78783881
22.14329779
20.80244171
26.02522342
22.79191302
21.31427513
16.28436733
21.62291933
21.90374637
19.55495565
23.68484044
21.72994611
17.89736806
24.94323672
16.87818747
27.23915491
19.82986216
19.71631978
19.08027796
20.25752678
19.99201984
20.11323747
22.73374562
31.03303615
23.50342594
11.83373786
26.90910232
22.57802727
21.30524172
16.90809512
20.2901048
20.48699193
14.09742906
31.35576439
21.94415228
28.95523025
21.76781904
16.86823854
19.09242413
12.9712064
23.1252311
21.36600321
15.20796542
19.34900461
23.49175283
15.46224177
18.73603447
21.75964016
13.4366218
18.51088757
19.5776458
16.2432443
15.01457258
14.08145284
16.04875279
17.12999184
15.49025731
20.01506091
19.66297428
15.18150625
11.9042193
12.85690106
12.50353263
19.0323341
25.99903894
16.32005822
12.79584972
16.8931566
11.64432763
12.02829041
12.21629681
18.51871547
12.43402778
17.67362496
23.31387835
15.75794634
16.89369059
15.72280479
24.79044815
17.39052433
27.86106694
16.24454128
16.9046313
16.10049609
17.92520049
17.76888706
16.27599012
28.28609157
18.13980335
30.50473821
16.79813858
16.81190221
20.27127517
16.93609543
16.65485634
18.17317484
23.9936373
21.67586812
19.80981177
17.11573984
16.89152382
16.7659726
15.26392022
38.68989113
17.94088679
17.49662032
15.18405451
15.77697433
23.83526381
21.59902365
15.2184636
16.61919605
29.45661121
32.78295598
16.09819199
16.4091709
14.28963166
22.69550645
14.87437263
20.51436656
24.31819656
14.28825836
16.60914037
15.90644713
21.04327478
24.21785328
12.85273534
33.1983523
16.58576352
19.62227844
18.8901353
20.17317491
16.48696138
19.77810357
22.0745101
19.23639305
21.85896115
20.30467717
20.14082578
18.04130642
18.59348465
16.94251948
19.14683785
18.96568273
17.49517077
20.30992629
16.73255537
17.36246306
17.64574682
14.2577098
13.55678665
17.32129424
16.14325195
18.77587576
17.97908016
18.06184505
21.59505633
23.50011474
24.83039627
23.47455587
19.05597029
22.55365861
19.32315577
19.74602906
19.55706134
22.39168415
18.11038401
15.48323821
15.46599548
15.1280997
22.32871016
17.32491061
21.35217851
16.56861242
13.38182671
14.94509825
22.0948046
15.30026726
22.96926863
17.70528748
17.35738179
14.00099205
18.27971336
10.41573219
20.41026959
20.60828592
15.26504944
13.06146355
22.53666012
20.06126526
20.75985379
14.70252558
10.65473427
20.75385699
22.3622342
14.16122704
20.30846141
22.79603295
19.4948351
20.4425272
11.81097143
19.4507823
19.67995757
14.7201345
21.31448875
46.40843863
12.33722457
14.52317103
22.27441855
22.03999419
21.34137513
20.69973324
16.54064265
17.42203425
18.12600925
21.14723459
11.90544001
17.03749166
20.18619087
11.16450767
23.87606657
11.23663709
19.69840564
12.94175652
21.53112109
20.69182907
42.04498396
11.1970094
30.68101045
24.35579488
10.08143755
29.10602003
21.64823406
9.914458079
20.37444141
21.72971728
10.52613123
17.18710632
16.67541032
19.90693543
10.69945846
9.831235387
23.41850942
27.89195111
14.76630826
13.3664761
26.65862545
20.33345562
19.5992983
27.39053969
29.49448419
15.65645855
15.05655012
52.21133777
29.02323983
20.00323515
22.21017802
23.59458332
31.97976684
25.07284677
47.45746586
15.05011082
17.4360115
22.86668209
23.95465045
34.07345731
20.69893972
17.05302528
17.90307487
23.85902217
14.86811645
19.74415221
24.50814092
20.18765567
14.36751374
28.92303381
24.91824246
15.59008184
15.63103704
15.49213416
18.33371506
30.19037175
29.02885502
23.88224636
23.40375395
24.46744509
23.04585361
21.46153987
22.57804252
22.67699726
23.07266375
22.36693401
22.26836065
21.81937926
20.40517304
21.32837442
25.52134
21.87408285
21.91244403
18.16162383
44.99603311
16.80236538
17.22768012
18.34840951
20.13989499
22.68647313
20.4964373
20.0365914
21.1046924
18.90315125
16.61272626
17.40781287
20.09602529
22.3806518
22.35100356
15.97593675
16.1038684
19.61315355
17.80589024
18.68271943
15.60379975
17.94149714
20.70666084
16.69539963
18.36832249
10.44637232
17.15854143
18.02430786
17.96087616
21.59839809
21.88398596
20.31001782
19.95050002
17.17404467
14.47618848
17.6964067
18.79905421
21.90635567
18.51360368
18.81342821
21.98759471
16.44400726
20.87698204
17.10838507
21.47818751
21.62088989
15.02896184
17.72416292
13.89057777
13.98457334
13.30429561
30.06224185
17.69634571
23.00634803
17.94105463
17.60025963
17.58416138
18.93302837
22.94763129
26.80412027
23.41231431
21.71483967
24.70159487
20.15635945
23.63700342
16.94752438
20.66890994
13.92237753
23.82989266
23.21837216
31.1568172
31.01498468
34.54303837
24.69657463
14.93859786
15.5041125
13.437339
33.04322911
12.50647761
29.13977293
40.60325058
12.52494103
22.29643723
20.32149255
38.66724691
25.86839119
23.4431528
18.30783568
18.88484036
19.21619006
28.22377389
23.69306504
25.04679972
22.85116376
27.4581372
29.85229297
36.23187649
29.2679182
28.76044897
34.44127605
20.74729561
16.98898321
37.71500762
26.94303837
38.00801145
28.90826308
26.63086931
22.42175955
30.35754976
23.22806165
18.48628999
17.69362959
29.88865513
25.55346025
15.39743669
29.73713317
24.29103564
21.958511
18.99478163
19.94332827
22.642634
22.246998
20.54795174
19.94081049
18.42117973
23.39621603
16.95118659
18.14117666
19.82919079
24.48317724
24.31157429
23.84904272
23.80456274
21.63791894
24.06067015
28.61686146
19.46605655
26.89033363
22.3219199
22.22398739
20.64562478
19.17456348
13.19382032
19.59011245
12.31708267
10.59328619
15.3997103
21.92112641
23.22124087
23.80704995
15.0203252
28.73514949
24.18297125
14.50499753
15.03486706
23.0945452
14.74428952
16.54401486
17.61954705
18.91926477
18.94595283
15.76522491
18.09332442
18.69945857
19.50690499
13.06950504
16.43917014
15.14456417
19.11268815
22.54856217
13.83122015
27.49388907
25.96394325
26.93089222
22.02595583
21.40975078
25.46239449
13.38939516
16.55542859
26.53766711
23.3782409
26.08603068
16.50141166
25.88877732
13.89214941
34.7600216
24.6171667
25.22488777
25.62316353
25.53173132
24.38345953
14.08276514
23.09022689
24.11511431
24.96270716
26.96049471
23.48485572
19.72491057
13.36025042
22.3822845
23.67081732
13.04678432
12.14885192
13.14045947
15.10891908
42.94795182
21.30412784
14.43321907
13.26483576
26.08783126
15.27077155
14.43579785
25.10418889
19.98062128
27.90209841
20.153094
20.85415447
48.06135677
24.12597872
19.53963548
16.42673398
15.57778306
25.12948831
16.87942339
15.32211812
16.53134986
14.7772795
17.64141318
17.05963246
13.55370428
18.6293433
16.86630067
13.42710019
15.68488613
31.35535239
15.85938829
16.29855822
18.79638382
16.5521174
17.83741534
17.20305197
13.98362726
16.56865815
13.68732754
14.57908008
23.55109507
17.75872454
13.12182819
16.99662796
14.12625335
15.80647003
16.21464888
12.2789351
15.28108665
28.7505915
15.74006275
13.68072041
11.04084857
32.07808063
12.59725355
12.45671797
11.75535226
19.69742905
14.38590085
15.12686369
16.71956988
15.82067616
27.23137277
20.1944459
20.88642729
19.30699647
20.01918082
20.77990407
18.15301765
21.33235692
19.3110706
16.01286359
17.51238288
16.75211735
20.71892909
29.89906192
17.51024664
20.956451
15.5144276
17.51136052
14.08014055
15.04406827
17.69799364
15.41937915
15.61188697
17.00473054
17.36003681
16.7043414
15.04713527
20.65473433
13.52634486
14.08761749
25.8484172
19.74883677
16.16601834
20.13617172
15.68824312
11.5024645
12.45987657
13.22229362
12.8070346
25.22316354
12.41965379
17.24338163
15.7846344
11.67490672
20.88474887
15.31519055
15.07815689
16.89475876
16.74300777
19.89475877
17.47315197
19.22575749
18.77279342
14.89678819
13.81304667
12.91911213
12.79430859
16.42464358
12.38767089
15.55144604
11.30449398
9.800366377
16.25137738
10.30049609
11.19606335
11.95222419
13.29161537
14.21739549
15.58381038
16.41579331
13.43736953
27.60910987
25.44026883
24.3796905
12.42592521
26.62656626
25.52340003
24.88685464
25.80088533
22.79288958
11.90638606
18.87595965
18.59739094
26.88819746
30.49129505
17.20070212
27.28593913
51.21925716
26.65421563
27.67275529
19.06025806
16.28679351
14.17369363
10.51892895
13.90464655
10.32069901
15.70786626
16.45474961
19.42740545
17.84876807
20.1583889
18.30518066
20.94921821
19.71911218
16.86544615
17.72256068
23.1605863
20.53638542
16.15465041
15.99288953
15.2852066
18.32005828
20.10614201
23.60166356
25.77346485
20.13768236
20.79111949
21.53986438
14.89066932
20.39189766
32.87261798
16.98699952
20.0437479
17.0086368
14.45107218
30.25580259
15.084169
12.58623654
15.19659745
13.27713454
17.38735048
17.97546378
15.96296657
14.18432921
14.87058848
13.17595197
18.52489535
13.66428647
14.50440242
13.93817064
22.21036123
23.41432854
20.63424154
14.83872763
11.29658978
14.72130939
28.72603983
25.28096468
18.87814168
13.8393227
20.52495632
19.31317635
13.20691249
16.41457255
13.38548885
20.92100427
20.26202814
18.935775
21.4596325
19.45023288
19.9402154
15.91993611
13.50025196
25.13536305
32.66193661
18.13023593
20.23707969
16.09608625
21.16137964
15.90637081
22.94680727
20.3282981
19.75860253
14.12282004
18.08848729
19.73408128
21.21487776
20.47730245
20.92228604
14.75605423
15.08673243
18.489296
22.29590321
14.32663481
25.72530737
23.43801049
18.22412472
18.5482874
18.02668822
27.29417892
21.96104398
21.29320237
14.626322
20.1530177
23.10908705
21.45818289
22.0536815
20.27235854
24.41023907
19.44618927
25.32376617
22.34464053
17.00349452
26.62955705
24.53968135
20.8756392
20.67139719
19.45505476
18.90975836
22.47339615
20.28647312
19.69475873
21.65491744
17.60772128
18.24786778
18.77215248
17.54134455
40.49944347
24.45919003
13.39090582
18.87692092
24.38175053
18.31485488
23.21712081
22.76055567
21.67481521
22.97360216
17.82487245
24.24255769
20.35396377
17.12637543
25.42838209
32.37201533
20.42514712
25.66102117
16.61042211
24.16836836
18.79470532
24.53772819
18.68442843
18.32396451
14.33226541
15.78768615
21.76820045
13.79673473
10.60695828
18.24997351
32.22745133
13.96263088
23.15320088
21.90692023
15.50075552
21.69860409
35.35661903
18.43894128
14.7794768
20.94396915
14.52211817
17.27843161
12.39740614
15.93858266
14.51566359
19.27843165
22.86067011
11.9213094
14.38335259
13.5685971
13.77807297
21.09999258
21.04232876
13.0724195
20.87328929
10.88267354
12.11787612
13.14416742
10.61144442
17.17619618
13.20926241
10.73974227
12.18199452
10.24129107
13.4980699
13.83874285
13.29541482
10.64509057
20.21084945
12.37810348
19.1245901
15.40457789
17.18104853
17.88162071
16.20592071
15.8043643
18.19127205
18.23933795
15.62752748
13.21577802
13.52483424
19.99270644
13.66234856
16.29013525
18.73101418
17.4697492
15.37410562
15.77970568
13.56443143
16.59778764
15.96871922
16.92396451
27.96697966
38.37091655
18.68717499
19.09271402
15.38458856
17.76807836
14.49256141
19.76736119
19.32578027
20.33296734
15.32997656
15.28929601
27.3472041
51.1325555
15.0450143
16.21998953
19.95495554
15.43256293
14.59880997
16.07690569
15.4215154
12.56345481
24.48571019
32.18643513
18.11514478
18.73585126
17.94149713
17.79607863
27.08885363
14.73582075
31.939773
37.32608567
18.80839268
16.76212732
15.80312825
18.49919911
30.48372661
16.59972556
15.05807604
15.57177102
15.46845216
17.89622365
14.57573838
27.06440867
16.67788227
16.57804246
14.80331138
19.1346459
12.9623104
12.77013828
16.67232799
12.3583888
14.43952107
13.55507761
14.38895268
13.42110342
13.5792174
12.41345861
38.35829747
19.58403934
26.42052366
22.55107982
19.84332055
30.83775116
23.58805242
36.07789765
29.18112494
38.67011545
18.81727343
12.6128025
19.51717424
27.91410719
23.71943262
13.51340526
22.44290867
17.50017568
12.52282002
18.30615725
18.02577272
19.2172124
17.78155205
14.35347544
17.03128119
19.23253248
19.63491288
15.0362098
17.0105442
12.15205631
32.17909546
17.81666304
14.95458935
22.71068925
15.28761753
19.51616722
19.50614203
20.9359887
25.45012614
26.34988972
13.65723679
19.73180772
19.53054124
20.56110506
21.09388905
18.09364488
14.35165963
19.88297885
18.21834159
19.02589481
18.01330613
16.19398818
29.3143973
16.05497848
15.64106226
14.31264232
22.86164676
15.91767775
10.37106908
17.97050456
27.93029715
20.99487316
13.06868106
20.60972024
27.59159259
12.22177481
25.30922434
21.1121845
26.22809216
18.49538439
40.42050833
25.77227463
29.5492946
20.96598792
20.48294829
15.92167566
15.51027712
15.54786013
20.19990869
17.83259346
15.03971941
14.51349677
16.37990408
21.60675998
31.54808907
16.86996282
17.16806309
19.33575976
13.05038547
22.28047633
15.29942799
34.26723155
21.16885656
15.59104318
21.31425984
20.50687444
20.79163831
15.87487622
17.60579865
19.45825922
35.69022691
13.42641355
22.49210361
20.22017271
21.10008418
14.14804323
31.01339773
20.51140637
15.88665621
19.16141019
16.21626633
25.46680434
15.67745501
28.53203658
19.01783807
24.48332978
22.83668299
16.3309074
33.69279033
12.20270103
19.56377537
12.52486473
14.17940053
23.91563316
17.03094545
14.74004748
19.94956913
23.64321383
16.80923188
21.60669894
17.50112178
11.90386831
22.67408283
16.14618164
24.45174358
14.69054721
20.26317253
14.36939058
16.56281396
15.18245232
13.71450386
13.64065022
13.25368142
13.72956455
13.0494394
27.82443003
13.28749541
14.7042346
22.50815618
23.80750774
16.92283534
21.96795628
15.24066547
27.29189014
27.26063961
29.80811816
16.98205557
17.09079139
26.66166199
17.17151159
23.31195577
24.73554615
20.99429345
20.7100483
20.12307947
17.40196864
17.89480454
21.08326872
20.22864148
19.2715956
23.25622978
26.05600098
19.61579327
22.1265739
17.22226314
15.03054878
18.96311918
14.25012609
18.89968744
17.17212199
21.68735814
17.97631821
17.09510971
18.26285215
15.45114846
13.24278647
15.09713911
23.21968444
22.02827522
19.14712772
21.81406909
20.31162003
17.889708
21.46891001
17.93420333
17.7366295
19.94811958
16.01576277
17.08383326
16.4961626
20.82591011
18.1786071
20.53009869
18.71828819
22.86993241
21.42688671
18.20441009
18.62726814
20.99453755
21.51764735
19.45241503
19.67939299
18.67721092
20.37219832
16.41786853
16.40328092
17.97634877
20.18728952
17.60613438
21.91659447
17.93620229
15.68165124
17.65377308
19.19490378
15.60517304
18.64782206
18.92715371
28.90772905
27.1575039
31.5913331
34.68343673
40.24167262
39.63616421
44.36931451
36.27516618
26.15379595
15.28583219
13.89755112
13.41356544
33.92375104
14.79774187
14.8589
14.67539503
19.79493425
25.19726892
13.90765258
35.04734903
22.2402841
21.49318713
18.11094857
19.71902061
19.44734898
19.92471227
23.15170548
19.54572392
17.67220592
20.89301924
19.33249433
21.28285673
21.43013684
22.99935937
19.97456342
24.46651435
18.54479307
24.4530254
19.02394169
19.38789982
18.72311005
20.38432921
32.72530738
20.98600777
29.50815626
26.22496397
20.86517155
16.60927769
23.25102648
22.45955623
40.12217925
14.17706588
11.68197161
11.0071719
15.60520355
14.77257973
25.11210825
11.03613352
15.32626862
17.02278194
13.19845903
16.55457413
19.71058243
14.91386305
20.92420874
15.10981937
13.70579097
11.80160236
18.74135984
11.55249886
10.66356922
15.48551174
15.02514705
24.66216554
14.57314432
14.1450677
13.66092945
25.87438792
29.34450317
22.70823251
20.94470153
24.18350529
33.14976749
22.75005747
16.93876574
20.16798685
22.53110581
38.25867138
21.65804558
20.989792
20.42813792
20.02059993
17.4274054
28.83738487
14.35268193
21.41826534
22.20567666
56.64831041
15.29005897
22.98120119
17.24968357
15.78451228
18.1185781
14.02372798
16.07853839
15.64083332
13.55989945
12.69768845
18.49036419
18.01956226
20.95512343
16.85600083
23.5270164
17.50620296
17.40851474
22.43036577
12.27879776
11.3398491
12.29123386
19.51360368
12.21890612
12.89726118
12.13217381
16.47273999
34.63898717
11.46672789
11.36806304
15.94006279
19.72945778
19.77645557
20.75375017
26.50452464
16.61548807
19.33295215
14.52191974
12.37013828
11.95136968
21.44567053
18.35863307
13.80373863
16.68281091
20.13945238
16.44678439
17.18428342
29.15390284
23.55143084
23.64052819
20.89982472
26.18654181
16.41178016
24.13978816
17.25931199
19.44066553
34.14860788
17.56627778
19.88535924
23.34787548
15.06150932
20.55640524
25.85763361
14.84957678
21.58104864
23.36722399
24.97016896
17.32538359
16.69445355
17.25346787
22.97067249
16.69288186
18.35205637
22.80874373
15.46965769
14.45807607
14.54361816
14.096422
13.00225855
19.0954302
16.27985074
21.36789533
19.8271461
16.28572542
17.66871163
19.09277515
25.0445566
18.82592536
15.67158028
23.37315968
19.08267359
13.72256064
28.60431865
19.90690495
19.78477176
12.00112933
27.08651903
17.26964241
16.55884665
10.57476175
15.9879914
22.15625263
13.780667
21.60840795
20.99739094
39.91046036
21.14496095
17.97988884
12.60930816
14.28560327
24.81185656
14.15960957
14.33551555
25.06355403
27.27638696
15.35939596
20.3441217
20.03328018
19.55890766
12.96679655
12.89744428
11.60300617
11.53107516
14.69274454
15.07179393
15.40094627
18.29507915
13.65691634
15.14518977
17.11163523
11.21667828
12.74050527
18.05888484
11.72729095
16.58864752
13.91583143
15.00543241
18.43877338
22.31885276
14.4776686
26.57676081
24.89678818
18.0758986
19.63642354
17.69593369
17.99749773
24.61121571
24.28332975
17.92787086
19.77897334
22.75352133
17.35172071
23.88749557
22.9574276
19.53356248
23.72796241
26.30037415
21.97549428
19.64611306
23.43564532
16.82442991
17.5633023
16.18664857
20.56472142
15.93377606
24.88996752
17.55758015
21.14505253
19.85770989
15.52748935
20.75346022
21.61356555
23.58834238
19.38138426
21.2817886
24.03662188
19.96580478
11.24539576
20.79458335
16.15519975
11.98512262
14.76101341
21.49974845
23.15759548
12.47411324
23.39350001
23.50913285
27.60621076
20.33608019
23.16282922
41.05738946
22.49964169
32.16627795
16.69503341
26.30109135
18.68123927
30.37322079
23.91612145
35.67042077
20.58960883
21.75443684
21.2752577
35.56000637
21.28508448
24.58554996
20.08386383
24.55500141
26.21528968
19.64316803
23.50666087
19.48799903
24.46074647
31.92433089
21.57805774
12.55985368
18.94001703
21.05732838
19.54790596
16.49610153
21.91551107
18.79975611
19.57442607
18.1818115
20.89672726
18.87669212
17.87527303
18.04769999
20.05810665
22.53725519
25.06292852
21.17860714
24.18182681
20.19478166
29.67167202
27.8055546
25.14850113
11.91013977
23.03544698
14.63396678
16.82958745
17.01898244
21.88134616
23.73269275
18.30293759
28.15155296
16.01197853
16.73083106
13.19308786
39.14935573
11.68007954
18.76562165
25.92703171
21.67164138
19.85412401
23.68935711
16.22676455
14.32286586
26.66895586
12.7642483
18.36466036
16.34331295
14.32924411
12.55492506
18.6534526
25.75791599
15.62027947
15.51612138
13.62804627
12.53209754
19.51355785
17.34813482
20.08297883
20.03985685
19.64528903
13.43083866
14.25474961
14.25861011
12.92637543
14.64628084
21.33522573
15.85957142
16.71406144
12.66796389
20.01948609
11.21638837
24.00952198
12.62856508
16.72521576
11.59632275
18.87060376
10.78883057
19.94322148
10.28122392
13.59644483
20.17697442
19.687053
20.13460012
16.83552326
25.47989665
20.49422478
18.96714752
15.97549424
17.08670199
18.55672567
24.63265458
19.53308943
13.09700177
17.56931434
19.49146279
23.75393326
26.28877723
19.80804177
17.91837969
19.20547824
30.17402948
23.0375222
17.76174584
22.08683933
15.78944095
15.35355174
19.91279497
16.77228983
20.19722313
19.67818749
17.93209763
14.53881152
14.79256901
17.5545741
11.41002534
18.2325783
15.42333128
18.055833
18.3775848
14.56553005
16.81434373
16.94538817
16.55593219
21.26967292
21.35152239
20.14322142
26.53292166
25.1428705
28.56533184
22.63592002
24.4957812
23.29066938
20.53061748
27.47266381
17.3026324
22.2193182
22.59960356
27.72217929
25.78632825
41.09349234
23.58638917
31.25848806
19.61316877
24.99844386
30.54383181
14.48772429
18.74398432
15.55564224
21.1627377
15.61590012
14.97924795
24.61142929
21.53482897
22.25185041
14.58234551
26.50417368
26.41355036
16.92999182
36.48659536
22.53128887
20.98666388
30.46651435
34.56453847
19.73015973
29.52591777
25.84884445
17.30829347
11.93402014
26.08694626
24.12790143
24.55751918
12.59378975
11.96432456
14.19804702
16.58603822
15.92297265
13.3664761
30.89646793
15.58304741
14.92564297
13.22783264
13.23036563
14.1753111
13.56376002
14.55841939
12.7512476
10.42627621
11.68162069
10.14029161
14.886763
13.10684383
16.6941026
12.77157263
18.49839038
17.5550624
15.84690644
16.96269189
14.33672102
16.93710252
17.60093099
37.55823635
16.41458783
16.76591155
16.05578718
15.17706589
15.15390266
14.37897325
23.71181841
17.98114009
14.87367075
15.20965914
15.05273539
17.17915637
18.93974234
24.23724753
22.03946007
31.9563443
20.47345721
18.44734901
20.4948046
16.80582912
20.03537063
16.9432672
12.50916324
21.01678521
18.69611683
16.23196789
17.13824696
15.71639602
12.22499445
15.88261251
39.88682413
13.04798982
17.0671857
12.84278647
13.24469385
12.03335639
16.12866429
11.00019854
14.00202962
18.53612599
12.20430319
14.33537826
16.06903199
14.79404921
16.1602657
19.07910301
22.49669661
19.41219221
22.25740462
22.95109511
18.76621672
56.79449183
17.67156508
17.51567891
32.30276986
21.91773893
25.26981026
21.55516926
23.32758098
16.51015509
15.50046561
11.30086231
13.76038775
15.13728562
14.58812867
12.31853224
13.02475031
11.52489526
18.37497542
11.38808287
12.41374857
24.65160636
12.0448312
11.11322211
11.06120409
10.82758849
12.94204642
13.82867189
12.54207694
16.14605956
14.56508755
16.86448488
22.01527458
20.82053894
20.1296104
21.58916638
15.70719486
26.75417743
25.60134312
14.72332361
15.82398739
21.00572236
14.24924106
14.19295052
24.00309786
14.09132543
25.90667611
21.81886039
22.08252112
20.84156587
14.28201744
13.66123466
19.80196866
30.63534024
11.08787688
20.70092345
17.77634871
14.39853534
12.86228752
23.07998811
14.05705367
17.8016024
28.15269735
15.76391263
20.29951961
17.36699496
21.49671201
18.62462827
13.17711166
14.05424604
18.55652725
18.07798907
23.54030698
14.3599453
13.58490903
13.98156729
14.86068532
32.73565301
19.23103708
17.90045036
18.85415448
19.57920218
19.28154441
14.66985601
18.68078145
21.64293924
21.7312431
17.64681491
20.80584439
17.56821571
25.50722541
16.22504024
15.79888632
16.9495539
18.17434983
14.36882602
30.34396916
17.67890464
14.48122398
15.92521577
16.08590851
17.95925862
22.56705609
18.20938449
16.82020313
19.24927161
12.45879317
24.82491828
13.39298106
17.16527068
24.65766416
24.82313297
17.31772355
16.03868185
20.50273922
16.46033437
12.45175876
14.31593825
26.1727935
25.18132321
24.70841564
26.01667841
21.45459704
25.28748027
25.18689277
27.47919463
27.28152927
25.19475119
22.4527507
17.59874896
24.62693243
20.90812563
15.20714142
16.41304669
16.30600464
15.81318401
11.10342582
21.30194579
21.17991941
14.2569316
13.11546522
11.12382711
9.466392162
10.5283743
11.19972549
21.02214113
12.28528284
13.62310234
10.98530573
9.742809323
11.80921664
12.06530879
10.31509896
11.0008394
11.70431084
12.99317942
15.44725738
19.74668526
12.74229056
25.12451394
16.66274532
26.62603214
15.94412164
20.07417433
48.65902214
18.03253242
23.87864529
16.86276056
19.89399583
20.21449633
22.0128789
23.48044581
16.70560791
18.27872153
31.40288424
23.96781895
17.93723985
21.52932047
21.03743066
18.89805474
27.98768629
18.97746266
18.91599931
23.22400264
21.17723382
24.67608178
16.20630222
16.20915564
14.02394158
15.77113012
18.271092
23.28339084
12.37756941
20.35217848
16.38806768
17.23054877
13.02143909
19.32500217
21.75428422
20.34029171
21.24922586
17.4629895
15.71288646
17.74403011
17.03910911
18.61565594
23.47779072
15.75117131
15.26129571
23.49303457
19.89587273
19.74198546
14.560754
13.98371879
15.69562851
14.22627625
15.56580478
16.54564762
16.94555607
21.3623563
16.21136814
13.60022906
15.83730853
21.73168565
15.67834004
13.34132925
17.47139719
25.33545465
24.47165669
56.40430345
15.04788303
18.63411939
28.16765113
18.67553239
13.88792268
16.11026193
11.97387672
12.20244162
18.11155896
19.01803643
12.66002916
21.08459632
17.25415449
12.32036335
12.34692929
12.70104544
14.66451533
15.00808745
14.52048536
23.15420795
14.18942568
19.81443523
17.3318839
16.9259787
15.26474423
23.15922821
25.57474662
15.05587873
24.69236315
16.38905951
20.61860105
14.96844456
26.92054654
21.70583688
21.50548587
26.04873762
21.86886423
22.26916945
22.77267138
12.36725431
15.22043204
18.91776938
19.92120269
12.53488992
21.262959
13.01870773
13.33731613
19.846113
14.24327475
15.40119042
11.56707118
13.30898012
13.19588022
18.46506465
17.47550185
20.29941273
17.87061892
15.28548125
25.87827898
33.9586942
14.73588174
19.11349682
25.65339168
19.4931718
16.6294959
18.48227685
37.25233881
33.29446897
16.87928607
19.05726732
15.23462288
16.53638532
17.21664781
17.02145439
15.53637005
38.33244875
20.40769076
27.94868414
21.07794333
18.17488387
15.59536142
24.46457644
16.17640973
17.49950431
15.16516385
14.7093158
16.09457559
20.98408506
25.82430794
28.74515937
15.9591823
15.80781281
21.54633431
23.4938433
17.25000403
21.64417515
15.93511883
24.25839654
15.32945774
18.48015584
19.87368604
21.90479929
15.05363566
24.81153612
22.73099897
21.88578645
23.52037873
17.80956764
21.56057096
19.19732997
21.1801483
18.89892452
25.61361126
21.47072587
18.81158186
20.6069279
19.97547904
12.34630366
17.82920604
18.20933878
17.42481143
16.86884896
17.08302456
17.42165283
16.39511737
9.265995427
20.43627098
14.92816076
26.94837899
25.85563466
12.03598096
10.15317024
32.28661049
76.04283223
15.5762114
13.37837814
24.94116146
20.65619934
23.6249182
17.07586807
31.77201525
15.14802797
31.54703625
32.94097842
25.92239286
26.33980347
20.86552249
23.05583294
23.03283766
21.6129704
15.84170312
28.306432
19.97370894
20.01242107
15.88357385
29.55753445
32.23859047
23.24853925
23.95873989
32.01525938
15.76462982
28.94129892
24.01986752
15.91223034
25.71129963
18.57526537
29.2943927
21.69155444
35.0150305
15.02706973
27.41928775
15.50090813
12.9090259
21.43607264
13.4985277
26.61637327
16.89700183
13.93847583
15.04925634
29.90530283
12.67986591
12.73485942
17.14131401
14.40917085
17.99946615
20.1831085
17.8867325
16.69732226
15.28186488
32.98864751
25.0330361
35.77554003
10.25012605
16.49768848
13.1264517
25.34097841
26.29565902
10.72744351
35.02851947
28.84034511
26.65851863
16.04922582
16.22688659
14.01359599
15.2588695
22.40170924
15.30339533
23.91447342
13.611948
40.22255315
14.76687287
23.51674708
13.41010165
25.13301323
25.2246284
14.00465422
39.92420875
32.0463114
14.78971561
19.80212124
27.66228757
26.54473205
23.27309094
21.03656092
19.58219299
25.73107525
21.20309784
18.84426672
28.01892155
10.62899228
29.71644201
18.58587041
10.48224629
9.523018379
19.06073116
18.63999416
12.6671246
24.96263093
24.35141555
12.11413763
22.90099978
12.3342185
23.15985379
18.26329464
12.35635937
17.71781509
15.47638685
14.8834365
17.60701938
18.86060904
20.50360898
23.63575218
16.75149177
15.99670425
25.71903592
22.55706138
14.93003759
22.86361517
22.25580255
11.14451836
28.66814707
13.76188314
20.6564281
23.41498461
21.0487986
25.32014986
23.49114245
12.72393394
12.00773649
15.4709699
22.86042603
11.34164966
13.04698271
21.19864225
10.07150394
19.29376694
10.81698346
38.42780228
10.61704448
22.10432625
12.858015
16.09396524
15.30116754
16.13296731
13.81113926
14.94396908
14.3818267
18.37419722
21.91636557
18.75552016
24.87481527
16.30632508
16.5535212
28.01001028
23.54065797
18.50145748
21.28604587
21.42948067
35.07156504
43.25314736
29.9896089
30.51689969
23.84504484
26.47515097
18.70231198
20.78194881
20.32307952
26.18793042
22.90862924
22.38445135
17.10484495
23.48957071
19.76426364
17.90377685
27.50862926
25.44733384
23.18986831
23.65191149
28.0992144
21.99479698
19.59221818
20.83889548
19.29286666
20.84965316
22.97315967
18.53199078
22.19446123
18.99217236
16.00894203
26.49987052
19.20462378
24.41957756
22.90391418
26.89019632
19.47248055
31.04333597
16.82082879
19.38750311
22.54538828
20.74630379
16.72063807
22.02571173
16.62398743
16.65198773
23.15503195
26.17656242
22.24216095
18.19273693
18.01306197
17.18912057
11.97782882
16.7506373
16.3936372
24.27797393
12.37718791
11.55664929
24.94581547
18.47885884
16.79554454
16.57781361
12.76691862
22.48650368
20.38097228
18.25154519
20.02752757
18.11113167
12.42572688
15.44985142
18.48207855
13.17555522
12.88696136
12.42446038
19.95727497
17.01329081
12.96153215
11.79502572
13.02943481
32.22188183
11.84707425
19.04980569
13.808118
21.37796623
10.62413991
31.71299345
16.81680038
14.97113013
21.77636405
11.20538659
14.3344932
18.92658909
23.42821417
31.13507315
16.59237068
25.99749783
28.43547754
19.30313596
18.55193431
20.96878029
20.69689506
27.82468946
28.5199209
20.70760689
18.45607714
19.00318934
12.10405142
15.30705746
14.63726275
14.19378978
14.59676526
15.23935323
13.53102941
17.19520889
18.86303526
12.59195865
14.65540572
14.80828585
12.64011614
19.26042596
13.71825761
22.10447878
13.79900837
13.51227604
17.27101569
18.60636325
15.21838735
18.31082648
18.49314131
19.5635312
31.18117063
18.73550039
16.84385464
17.4858627
17.74360289
22.03712545
20.97543325
22.58384098
21.85438345
17.68245998
11.71052126
24.52732152
15.71534315
26.60822495
23.25287278
26.26077695
31.29370598
16.96060144
19.80402864
26.1556576
25.46404241
19.90084716
19.63535543
23.11293229
17.84097071
18.19922202
17.8500193
19.25824395
36.71895971
15.19000556
18.31575519
15.84673857
14.99230965
16.64258815
18.68950968
15.2941331
17.73826225
15.91839498
15.24008565
16.09256145
17.97582997
22.6301826
13.34366389
12.24762358
17.85809134
16.88204801
15.64246609
16.86079221
29.42546752
15.19296581
17.85430712
18.49182901
15.34622741
16.52913733
33.80717218
16.731945
23.16728491
23.2069584
19.89926022
17.8392159
25.00582927
14.30193048
20.08557279
21.83796473
17.82555908
16.2610363
23.22761917
17.86936771
13.07432688
24.09436208
17.76510282
13.17221351
25.8639356
12.1937287
18.29126443
16.03765946
12.63213567
16.69063882
15.03898699
45.71129962
14.21420634
22.46730777
14.5769438
29.93769775
19.60766024
11.89176791
25.4060123
15.81083413
13.85189611
17.63178477
14.70038932
22.12208772
12.67382333
11.48122394
17.73452378
13.26741455
18.55561174
11.53623273
18.86958135
13.77195412
14.24824922
25.34155818
17.46913884
17.53637008
13.54572385
16.94622742
16.60120571
18.67043588
15.75579482
15.15622202
15.62252253
16.57119116
14.4486307
40.65375778
17.79346934
18.25391034
15.33084633
16.43100654
18.53084633
15.97074865
15.26231803
15.90087759
16.21870777
15.06045644
25.53806394
14.74525083
21.51909693
19.73867422
29.84135231
13.34532709
16.0401772
19.15489453
15.74428952
17.1750822
19.31026191
15.03315801
13.8370033
14.8296332
11.54343498
14.39003606
16.86636172
14.76301232
14.13739244
18.53115152
25.78408518
13.48050677
13.45732834
14.50592829
21.70949903
14.4327766
28.40279273
31.01530512
13.25203344
13.75349069
13.17659285
26.71772372
11.02485712
13.08334492
13.63015201
14.11361883
25.53926942
37.56395845
24.80888106
20.08366547
11.76227987
15.2029147
20.35658831
16.17123693
19.51461068
20.55129346
28.73128883
38.13366929
19.41919607
21.1126881
16.52088218
20.35704608
20.7834289
19.03967364
12.60824001
19.78907479
16.45696213
15.12866424
52.63060992
14.74627317
18.04928682
17.80337245
27.61519831
40.04358013
18.78745734
42.97509767
20.62061523
17.89196636
32.76314981
70.21533575
17.59214181
18.77770678
17.20013756
64.30225106
23.77785949
22.61783806
19.66794869
14.18503112
14.5588924
13.46797913
14.29097448
15.08041523
21.62984687
17.26407285
15.31432076
28.91398517
13.69930589
26.42554382
22.24777628
34.52672649
14.10609617
14.61944021
19.76287506
13.57891224
15.6449075
20.12774873
22.86773505
16.9362938
24.49083724
30.30334959
18.61400799
14.21765489
18.29991629
16.66805546
19.70855293
18.91171156
17.38857124
33.84446518
35.52797766
16.20163296
17.73708723
15.92298792
16.32372038
15.66018179
19.84959203
20.51436657
19.84123009
17.94639524
18.03430249
34.41527459
31.3680022
16.81448101
18.74746341
17.09970267
16.54235164
18.32631445
18.71831871
13.89970267
12.71787613
13.17561629
13.09088291
11.8896622
17.57947685
11.09678815
18.73095319
12.91311533
12.5360191
15.97776782
19.34970649
10.63234929
15.71702166
12.51216927
26.68738869
22.38997514
14.91338997
24.93040389
17.17279338
15.81670882
17.85307111
16.37772204
27.80882004
16.42801577
22.28914351
17.47679889
13.05133155
24.7882356
12.87014592
27.81510676
13.9056842
16.95266672
17.01388594
20.7267722
13.53437115
17.56662873
14.54233635
16.75735125
28.19192834
12.8922715
16.3915467
15.65706893
14.07779069
16.70750002
17.07530345
23.43984164
12.76118125
17.71845602
11.33955918
23.27214496
15.72846591
26.49445367
14.33099889
21.51935638
13.86288263
15.31203193
16.19629228
22.26646861
13.02362115
14.18085013
21.06926099
28.71264248
25.64251198
23.15236166
23.65275077
22.35277365
24.02352973
21.1214774
23.10402107
15.07248056
15.75642042
14.15426894
20.24185577
24.82484204
13.96960424
12.23082339
13.78703003
13.03724746
12.28670194
17.82647468
21.49160016
14.9369194
21.30710331
16.50757633
11.75513863
15.48027796
17.34013907
20.35103408
17.01196328
31.71607571
27.98127753
16.95083564
13.48496243
14.36208152
33.72108077
22.59986295
12.86172292
15.99398815
25.14036807
15.88389432
16.9064471
26.50159483
28.32407138
21.20801122
23.55022531
23.03965852
21.23703385
15.42020317
21.64670813
22.62867192
27.5610745
20.296895
26.29877198
20.12364409
16.61971483
27.05201833
23.89631522
23.19180619
22.85491742
16.35068303
21.87011543
24.62819889
15.82058464
22.9949648
31.99729941
21.30399043
