27.46886423
27.95071365
28.19150104
30.36629311
22.43921596
26.92581093
20.36470604
18.68392477
19.46871158
17.47792801
17.95326176
20.54381649
29.46620921
23.07684461
17.87743971
18.63964311
21.65606186
34.45842711
19.17535689
17.68258202
19.6611431
19.69211891
34.19194357
18.02313286
20.83590471
19.06819278
21.98411555
17.99430858
23.41922657
17.94590697
18.27734818
22.06144822
18.90280022
18.84199304
17.49459084
19.76168481
17.62154593
26.22807684
14.92004292
16.44072647
24.32733676
21.80271634
36.39993935
17.0224462
19.6612957
26.53891846
16.91146736
17.69153909
17.4827041
18.91351208
14.46430168
16.61179542
18.21293984
21.00257902
18.19626174
17.87864523
20.40779756
18.09898548
14.93432533
17.39011232
23.6229956
19.33296733
16.64325953
26.39021923
28.62429265
20.8719007
21.3677732
23.27151928
23.70028255
22.75678669
23.09770379
33.53836909
32.2889756
32.72317111
24.02877875
33.7091786
32.21887571
23.91529736
30.61016278
31.67571553
25.40946081
34.69488093
27.05499376
31.7031818
34.47423543
26.78205563
23.74523559
35.74152775
34.25809137
32.75048473
35.89533866
23.35021001
23.46765871
32.1423059
24.26532408
29.15169014
18.46866577
26.20881991
19.00946077
22.62285824
24.33354718
22.92692476
26.62691724
32.11409199
22.87525776
22.12925943
27.15532189
21.9736937
23.04872229
25.99967987
27.02421631
14.83100649
14.49150851
22.51395458
13.72359823
27.2050205
29.12440716
27.11883753
21.32884746
21.66398138
29.58306278
22.7900514
29.57480769
27.76571328
22.83077773
22.52648236
23.89855835
26.4662702
23.03624048
25.78780838
19.60569188
21.32790137
27.06634653
21.25825924
23.19934407
26.44863077
34.91435141
25.38614513
30.47834002
31.11831876
18.3900971
22.47385393
32.11905116
27.1175253
26.92057706
21.93382186
18.84361047
16.76951264
34.72282018
34.08198702
29.39958829
34.36845993
26.0886094
23.56449245
32.72503276
36.28891462
20.88712921
20.77341895
37.38797619
23.29742908
26.06106685
39.57633356
16.93167028
16.98149098
22.01358082
19.12378139
19.92315578
19.91749468
26.83514175
24.82562016
19.43816302
27.08168182
13.94612055
19.78214709
27.92936625
27.21254311
17.37788986
18.4168309
24.50420406
20.69842098
21.58219295
23.19562085
17.63230353
19.33516463
27.84188628
34.80213659
20.96807832
25.76815468
23.1712065
16.47669203
20.09262245
14.39804705
24.35181227
20.12367465
27.55519976
25.29700187
22.32895423
23.13752979
15.56713226
22.23564528
28.99368309
19.64548734
25.27734824
12.28886874
26.62533025
28.34735664
25.92715371
25.26794873
11.31787613
19.69829881
24.35748863
29.57019941
25.34953871
20.8966661
25.3255057
14.40291464
42.77142025
29.73150258
39.30670673
35.51380214
31.53443231
24.64921058
25.64535009
31.08462687
32.99377458
34.00730933
41.70124394
49.63196806
41.45424625
50.07263337
25.39935935
46.04853935
41.04564013
62.39629245
17.69512492
50.41915049
38.82002024
30.88136135
38.42911455
20.06736877
36.7800415
41.16209695
16.44217607
34.544137
18.63268498
21.83015204
39.63830047
18.41130711
40.4617842
36.50843096
18.46005965
17.9046618
38.73894901
21.02490291
17.39333199
30.78268127
20.21570174
17.79479685
16.98632808
21.3942628
17.27412851
15.76330223
15.26273002
18.91059765
26.33066322
20.36285979
18.18773195
22.93637017
23.89480457
13.37117583
25.01425222
22.81347397
29.9428553
21.51184887
21.13594288
14.57003145
16.43897174
21.64722695
22.75405534
23.38428349
28.87095475
18.09724598
25.75991486
21.64135223
17.82273614
22.05833556
26.12574993
19.08389436
18.35246841
24.9152517
15.02299554
13.06883365
16.68834998
13.675807
13.58889162
24.14853153
30.6642255
22.59371347
23.55985373
26.44606722
22.58150625
29.77669973
26.13048016
22.56899385
20.1455865
28.64461772
27.0482951
38.4184332
24.58193359
24.6928667
36.04309178
22.22298036
23.28824324
16.00413537
22.90957526
37.20470007
23.79127211
18.56784948
18.96916177
22.44271022
15.81824997
28.38449705
23.54544922
24.13365403
30.13563769
22.3321128
14.32573447
19.6456094
19.20469996
22.19635332
27.83553847
28.00610384
28.2169073
15.88238363
21.98489375
30.20532568
30.25772512
21.48091885
30.13514941
45.79276753
16.36685757
22.12762659
20.37068762
19.4438851
29.10745432
21.62601685
41.78628245
17.89433146
34.64530427
21.94221428
26.63227303
43.60842331
28.01687675
18.78071279
38.10986521
19.06752135
23.13876573
19.50676754
25.36754434
47.09327868
36.38715212
35.93078528
27.31494644
30.22430788
34.1178762
39.19906947
31.4731063
31.47618859
30.36502665
32.16379061
24.42879396
30.22356032
28.66031918
23.90852237
29.07708887
26.5532314
28.68630533
28.26379828
29.41358084
26.87286213
29.21078841
24.25696219
18.06004448
14.2647442
19.41185646
26.78706066
19.33798753
25.06231806
34.91804411
29.40225861
17.62871769
35.73984929
31.54676155
30.28455054
36.64136742
31.17026044
39.41570183
30.80811811
17.96287496
17.8259405
18.17990405
21.48047628
19.847883
17.78768615
15.66555295
19.98367306
12.37468543
18.32488004
17.24818816
14.58492425
16.25253699
12.01080354
13.27464729
28.24771527
36.46919989
18.04545684
14.72619229
25.33598869
15.27821791
14.56459926
21.55049999
12.44547205
16.36258505
11.34479302
21.63016724
44.50005369
21.02290398
41.69658994
39.92396456
44.16694934
12.5796141
40.66021235
52.23106773
15.40665308
22.32919832
39.97694389
17.63883439
30.85867121
20.23344797
21.91387829
19.65400187
28.26271482
17.96278342
30.78019406
28.71021612
44.52014992
30.94358774
39.23259359
29.77482284
34.82876353
43.32735214
18.92787081
19.10115227
62.97685247
20.76337856
18.8263678
15.43999405
14.48918913
18.37602831
42.16720865
32.78165899
18.44153527
31.19989344
24.13240275
30.20749245
24.02591005
28.30588264
32.09762755
21.8142979
24.67165666
26.68052213
21.60352504
26.39864221
20.83886492
24.7285423
23.46399653
15.83849869
39.19990871
54.52007362
33.21417593
27.30882761
17.25439861
16.60843843
16.97271706
15.56702545
16.37872914
16.51804399
37.01510672
15.89115759
16.83595045
22.42555908
23.31171153
27.04806619
25.25276594
23.31754047
30.66398125
20.43237984
13.96389731
13.42258352
29.07461689
14.24185567
22.67360977
21.29649827
21.39954245
19.58092645
21.32553621
19.2200048
31.23700343
18.46674316
21.97343427
19.10402096
20.20544766
25.64531959
16.94889769
28.68418433
26.52105012
27.79487324
15.33658367
20.87318243
29.19147045
20.54381648
17.58677064
25.11239826
26.27243488
24.02453674
23.17430408
40.71714383
25.57004688
21.5430384
20.98104854
18.24885963
36.89483516
20.5775695
19.64019246
21.06186038
23.05124012
19.63047249
23.14251955
20.80433379
11.42491814
20.9219351
26.74117672
26.11538903
28.32282015
25.47814169
31.23320393
26.17843924
14.18004135
28.33000711
18.87423535
25.9017474
16.70341057
17.51068913
18.09480451
16.47057316
31.29324818
14.82989259
31.18063661
25.74860786
27.07331989
64.39153166
27.2305641
29.73698056
26.18706063
27.55239211
25.39694843
32.12019552
28.92846599
24.40344875
27.58031608
32.62620005
33.66327947
32.34589186
33.55550498
35.17927856
28.49134072
28.91751004
33.61356554
26.4759597
32.0009464
31.98246775
15.59406443
34.44977516
29.01626633
14.83996354
23.11129957
28.96603372
26.41930295
31.13989506
37.77764584
16.90666077
23.68502353
27.93580562
14.68517606
20.36765109
15.62740537
14.54810426
15.07608167
18.4150151
41.95010339
29.28583233
14.64010089
28.88743445
20.42117975
16.41321451
16.25920517
15.16247825
22.64654029
15.25578718
17.4625927
17.3446252
15.43836133
19.72446807
22.20199921
12.73270786
16.0489359
17.25429182
24.95002694
18.2415658
16.35053043
11.62279716
20.90707279
14.75384164
14.32341516
12.73649212
13.13608012
12.78641966
14.19090582
11.38319999
17.18878485
16.79119575
11.69195104
16.70751526
19.03981102
18.28294823
19.40549344
16.88148338
14.35555066
23.87205337
22.74711247
15.7780272
21.58503112
20.29558273
35.76108987
19.62386531
22.05822865
21.53411179
18.49799365
15.3798888
42.45194206
21.19786396
15.4114597
18.96931431
15.09260719
29.08116301
20.84797461
20.19903892
18.30908695
20.83817832
18.15005739
21.67322827
21.25934258
16.16655243
27.35466574
45.48702264
14.67644788
22.15651204
17.06855899
15.05241491
15.6984819
18.27562395
11.73218906
29.04379362
24.32640599
15.40425741
14.07724133
26.65889998
11.86555293
15.31232183
22.56556066
25.16012843
21.78860168
34.25731322
33.45441395
22.31918848
19.26897097
29.63312761
24.76592689
20.33377605
46.29817681
20.84335111
21.48075101
23.19658225
22.66718571
19.7432519
22.75381119
24.52423923
16.43201361
16.01767013
22.19272169
18.10075552
19.95297194
31.46054806
19.58013303
12.84792873
24.43311229
14.02905336
30.11433617
21.79987819
29.44826452
29.69189012
19.40318938
19.58193348
18.78173524
13.33666
33.84979044
25.24322914
18.84594514
43.62856517
33.23118971
21.66494261
62.71085716
29.98472598
26.18748789
30.35181228
35.58684696
55.04164217
39.57578421
26.37224406
43.68650366
50.67750088
49.26138737
24.02679515
29.64304599
27.93078539
33.66225712
44.68537456
24.1312736
21.4673688
26.82621531
30.01580865
27.21617487
30.26521737
23.43839197
23.8605328
23.08027795
39.5777069
25.9174185
20.59589557
29.31126912
29.91670136
32.04756261
14.33890305
18.88451991
38.11065869
27.31084187
26.98240665
16.74419796
19.2930344
21.48111714
22.66288269
28.84800516
35.99545312
24.98362731
26.69646784
19.39050908
17.35936543
43.28845687
50.74042918
19.11458021
24.30698125
17.47377753
26.41226848
22.57363263
24.97441085
9.703944612
15.53028174
40.59111962
20.26678894
18.83700333
20.34335869
24.20656162
26.86001401
28.84959209
16.55684767
13.60935393
35.73192981
24.35962485
14.25755721
24.91354266
37.22467421
18.5340812
24.69803946
21.67177867
25.73585133
25.57019937
22.63836144
16.00148034
58.68735826
27.78019407
35.40144986
60.90960583
64.47991181
24.45963246
20.0867935
21.56925327
27.66820811
26.70017568
21.94799746
20.06573605
19.87800431
31.4247657
27.80929304
22.4200506
20.85323894
21.74514404
19.54363338
23.08670198
22.02949591
35.3245902
20.18626709
23.51615193
24.32056179
20.57329694
32.58077394
20.20434901
19.84065023
32.62926711
17.71027715
30.68625951
17.04115382
16.53972705
18.05549727
20.90370052
17.57596721
14.0775923
21.19856587
28.66317266
15.79238596
15.1416039
17.27293835
15.2312049
11.90206775
15.17782884
26.29868043
25.2008243
14.87182437
26.1449915
12.7465478
34.63060988
17.41693766
39.63787318
13.48320762
29.54674627
39.77808829
21.4478678
25.18535162
11.53752971
22.31464131
14.94151235
21.97744742
15.53951342
26.27246531
30.07763813
21.57900384
19.27599014
14.39038701
16.82766481
28.03378372
36.27920987
23.1191274
48.31705226
29.68059838
27.66068532
12.689769
34.79168413
17.14578487
29.55719864
16.70621825
14.64332052
18.82215627
14.01792953
20.72809968
16.11482432
30.79234029
17.57483806
14.92106525
19.83895645
30.13017498
14.56856659
37.24275613
20.78321528
23.8424356
14.72208758
17.68540493
24.7301292
26.59449178
37.13899477
16.50171687
26.49489614
31.41237533
18.56725435
26.39095171
15.45145361
26.52130944
31.40135833
23.23457716
30.56473665
33.47702778
34.74682257
30.57880551
29.79249285
26.48882298
24.93655325
26.42722238
23.81559495
25.01240585
26.87881304
18.32878631
27.76206636
16.58196404
29.07657009
30.45355943
28.7111012
15.70978886
19.10902591
28.1045703
25.8655683
15.98187244
16.71810503
21.05357464
36.62035591
15.94897401
29.96194424
16.48261253
17.17010773
34.47740932
19.71862386
14.9200734
19.35265145
24.40010706
22.99394247
28.18229981
20.08723605
17.98999027
19.2995653
21.90217467
21.2301215
20.44177941
27.23224263
20.47258736
32.22317867
17.5845123
24.22236999
19.49326335
40.15193436
34.67588341
25.56183742
22.30885804
33.86056338
35.63941432
24.94436583
19.50420406
20.65337621
25.00727877
19.52494103
22.13731611
19.42511652
21.69541484
25.25136203
25.7539485
37.54523566
25.72489533
23.61225318
18.38612973
21.56250876
23.45687057
22.04408348
27.98104854
23.24213034
22.6148472
19.54737182
23.82175956
36.06996291
21.75838885
19.71381721
16.88061359
22.2134434
23.88509977
25.15962482
25.14978275
23.79278265
22.64321373
37.54741775
22.63610305
18.292302
19.88833464
19.28598475
22.51468701
16.12924407
37.8774245
19.36568265
16.75472664
22.85615342
22.41921127
21.64162679
20.37137427
18.70556209
40.20730936
17.81072726
23.00332669
31.02914492
21.6888077
18.34592221
19.81667828
19.45757246
43.59290481
16.88505395
27.59398815
22.8778975
18.50817139
15.97204561
19.59784866
20.77640972
33.88892986
17.04156576
27.61232951
18.32817596
17.60618007
19.2021212
19.00830112
31.46410341
33.95428429
19.8608837
18.22047778
21.23892597
16.43535534
32.95516931
18.93420328
17.03179994
22.05513105
17.36070822
14.72732144
23.56670503
20.25764877
21.71317635
48.66530903
17.15782425
17.5822692
14.71239812
13.7953614
38.24580784
17.05124
18.73165504
15.08836516
16.85326942
21.35521496
16.08546595
15.09065404
22.91909687
18.36948217
15.91364937
20.66625487
16.52137042
16.79647536
28.06582766
14.79896255
20.88349759
15.93389808
16.64661649
16.4177159
22.27663101
21.14752439
20.85185034
29.43837671
16.12133992
26.56443147
22.91297801
21.80001547
22.41886036
18.72248436
17.34609004
30.3738921
23.3668576
27.15852623
22.35213265
27.74769233
19.28088829
17.83138799
20.64481596
19.28351282
13.91978349
19.40312828
19.68134604
16.98202503
15.12069902
13.3857635
12.7319144
23.07418963
20.77030616
14.16812407
16.01384009
14.12687892
28.41924191
18.19272167
11.99940502
16.60712615
30.00503572
25.60672954
17.0402382
19.87211437
14.74618159
14.19296575
13.54708188
16.70194573
18.6152745
21.96354649
23.39336251
26.5629361
19.53008334
23.68528294
18.71172673
18.35823624
23.90014519
31.0366067
17.13841475
16.61835676
19.33685835
25.65250651
21.14084096
18.04626554
17.40579861
16.87582226
20.43498915
18.12469691
17.94885198
21.06309629
30.52030233
19.96899385
29.93072432
23.04075703
19.16949741
30.27440324
20.93513412
30.30232726
24.12846589
37.83964332
47.23936847
20.76659817
28.24759313
21.86884888
20.96467557
22.05040073
24.03959738
37.62261407
37.34117673
37.47040538
27.80668372
16.31032291
20.60053426
31.42006585
18.70873599
25.21556448
20.22378897
18.02807678
20.154391
28.74070374
24.23352422
17.47231269
32.08827371
26.19110421
25.38892221
37.10396004
20.97717274
26.05020247
16.23256295
30.30661503
26.76842932
18.99455272
31.16711697
41.4199286
22.76127285
32.08395539
18.17067234
27.20416594
54.32234714
28.04080284
5.87246525
7.470771545
26.05421548
46.87438802
31.59523945
33.6359353
50.07946933
18.47852312
29.53310472
20.78680114
50.75283465
31.1312736
26.7362175
24.5078205
29.31444292
23.29970269
36.11574005
38.45699284
45.06456133
17.85319312
21.96847509
23.92553621
18.00914036
17.9799956
18.82865666
26.10362427
30.04412942
22.11221508
21.88023217
25.37058086
17.59201972
28.09893974
27.23570634
23.90827826
17.97628771
23.840101
20.96478241
17.50025196
17.34259579
31.56462995
16.33000706
25.25148426
16.08842623
23.47859949
16.6062564
23.58449711
16.05760302
24.96005216
22.75556596
17.47473889
28.81887566
23.33414225
22.62583375
26.64023826
20.66601076
19.86492735
36.97422778
20.33147197
20.13069374
19.08487088
18.8539256
22.27647846
31.41927245
29.23402792
18.54018482
32.89465202
18.95425366
32.24847824
17.9715421
27.94474734
23.53083115
30.4699629
21.16830725
18.40564603
31.76058623
17.5792174
15.8009615
21.05497848
16.69156955
34.80566149
15.66968811
17.48378749
16.71546519
27.66439339
18.15454357
17.57875964
17.64086388
17.90754578
17.68625944
32.6325631
17.0526286
36.5760742
13.57622662
16.02243094
12.26523246
26.40022908
17.99684158
18.22549804
29.28583219
16.11358834
18.6464334
16.6047763
14.72550566
15.21767016
11.80906403
15.98136892
14.41017793
15.08287194
15.14941654
18.64960729
15.04214564
18.18368832
13.0464944
38.14901985
16.28822785
19.15429947
16.06733828
15.36525541
17.88403163
27.14912669
14.54976748
14.95851092
21.48780069
14.54448788
15.25885425
21.82758855
19.64881379
19.46381342
20.10251031
19.7013964
20.90420409
20.04783725
18.28990633
17.99926776
19.78358152
18.8590221
20.53217384
19.1034869
17.02238515
19.81837203
15.63112857
32.17607414
19.5823913
18.04419032
14.48293296
19.55614576
19.73830797
17.23576733
18.11233708
42.67507471
59.02192759
45.5358361
37.41707521
19.57219828
24.50566899
16.87974388
15.79520888
25.54511352
36.40733991
16.4419778
17.29898546
14.58995975
27.19331685
17.11549576
17.78759464
18.77759998
19.69613205
13.4906693
13.42473508
27.47374712
16.62858039
29.50611155
12.28212424
14.0106815
14.95764113
24.72759627
20.95581011
13.83328012
16.01751756
17.79787915
32.55732085
28.12558202
19.12722994
14.6370796
25.93188402
36.32843552
35.09314137
16.69597946
14.64007036
16.60436428
30.70856824
34.56456885
29.4086369
19.58095696
28.88217016
26.07132097
31.65258289
24.44414459
15.35977742
33.99253865
29.35355186
29.25326955
28.65833555
20.02157648
26.0419473
35.57889701
26.07721091
23.38518377
31.94265689
27.66669746
27.15610007
33.53601924
22.72915262
23.50957524
24.4007479
27.80059539
24.15272773
23.97982778
29.60643958
22.33435591
20.99453746
20.87617326
23.67170238
21.58516844
27.97096235
20.71871539
24.65769462
25.5600521
17.12117209
16.58277279
28.14262633
17.59804703
14.86894041
19.1372093
25.70617253
17.03776628
20.70142693
10.53458471
16.68200217
13.10366996
23.62218686
18.08351281
18.6794692
23.15327712
30.64339695
20.21861619
22.7855042
13.80631741
20.23520277
16.48641202
25.51638078
15.0797438
16.82265986
13.23010622
19.96513333
30.43744596
14.31763198
24.33360829
22.69042526
25.11058239
15.52605497
13.30032823
20.59881005
20.82522339
25.50800364
13.07389961
12.44286275
28.24921064
17.55104927
19.0784621
25.84090975
21.84654024
38.01095635
15.30202202
15.50847658
15.87824842
23.46057862
19.36856659
23.0534983
18.96653721
18.51154363
15.68067465
21.35793118
14.35275823
47.0237433
26.80151092
21.04287804
23.13664479
28.88323831
26.42233947
29.27379296
43.5033801
39.32655849
32.11409206
25.92590251
32.39833704
34.42235483
33.136004
23.47789756
24.99986291
28.55484884
28.78144536
27.08458105
25.46744519
23.23857503
22.02690189
23.89547595
23.77462447
44.28143776
52.60994924
21.60474578
21.92970192
22.17116069
20.20772128
38.40199923
25.54586124
26.71451928
21.33241799
35.32027188
22.82829046
20.86878793
20.03601148
24.16957375
20.68134605
37.11281027
21.15880087
20.17204569
23.64913428
36.32076024
46.92823712
22.102785
22.52329309
45.54177197
22.64306119
20.61490829
22.37731006
49.52677232
40.49176813
19.07782122
25.34676151
17.36620144
53.08952507
35.0768142
33.7854737
33.6605176
27.5982149
45.26125005
34.50472294
20.80895726
18.57485331
21.69480453
24.27576126
38.24470923
27.87267896
24.28680878
38.85206408
22.95977748
37.92846601
22.83143381
57.80524952
24.29893966
21.13205177
19.00982701
21.44147423
22.76841403
18.82978582
21.11186411
24.01239053
17.5112232
26.18013302
22.46411867
23.49077615
26.32834388
20.81844844
25.1563137
24.91015519
23.47187025
20.64783727
23.10269345
23.68268889
53.10173229
14.69323278
23.90739318
25.59380505
29.38844915
29.88116304
22.97860707
31.92120268
24.35843463
28.98808295
29.50597416
29.03540121
29.95394855
33.69658991
35.10847664
27.00384549
23.56968053
27.20384553
26.90078605
28.34053586
31.5305412
33.06196719
25.95980799
28.58324586
29.70682869
22.80915561
24.66536983
21.39716203
28.56176108
55.59845916
27.97576894
27.97868342
23.23363109
26.043107
24.81422162
26.67476942
19.45778612
14.41483194
14.12323201
26.89460622
17.83492808
18.32353722
26.82761911
15.34573909
27.3968264
20.09576582
19.49674239
15.5814147
19.79612439
14.27443367
15.91682327
19.05133157
18.53020542
20.01966908
17.16501124
29.66639229
20.93456952
41.78420714
28.33479847
25.74465584
17.33182291
14.69251565
12.7303885
23.20560029
13.67251105
24.30736274
32.96119658
19.37320535
35.82293462
31.65067546
18.91622814
22.13192974
19.37430402
22.60842321
18.92471217
29.16481292
36.00334203
31.90574528
17.96411099
25.37582993
25.00856056
18.26977971
23.53299791
25.16713231
29.20309795
28.20357091
19.05246073
26.43099135
26.7454035
26.11438188
22.90687442
25.28401645
27.1937136
26.49773436
24.98439031
26.6158086
26.39446124
23.4004275
25.04956154
25.49590327
25.64008571
20.64051295
18.72541414
16.08375694
21.95327716
16.54573913
16.38251337
20.23361582
39.2935381
29.89091351
38.20253325
32.47185497
36.56566745
34.88686989
32.62598644
31.71372573
32.10373115
36.26660593
32.30627937
33.42713088
32.34767717
35.37711179
17.58213183
31.50873612
34.63920075
23.32301842
17.71310004
16.01542701
18.65894573
19.53751447
24.87904197
19.99397287
18.62334651
25.18277285
20.20311305
11.82648981
17.40616482
15.39903882
15.94975222
24.48159026
16.19087528
25.45410875
15.57471599
14.73945236
16.805585
25.93817068
17.08613739
17.32512418
25.81712089
26.98397829
19.56481289
24.49051681
25.68653419
26.90127439
23.14982857
28.72007347
17.03799516
19.76998574
15.19272161
19.08065937
34.98191836
23.48378751
24.13801811
25.99732987
20.78300163
34.12074489
29.64019257
30.38434452
20.74865359
22.25969349
28.75306356
29.69733756
21.96884131
22.32304896
34.57270185
29.66416438
32.58291017
33.36832256
21.57737102
35.7053638
29.25189613
25.1345695
20.4028994
28.19800134
20.14245843
22.60709558
35.83949056
16.06260791
17.27090884
19.01541177
25.17427346
25.41055939
17.4812697
16.68143756
29.46669745
28.52440705
28.43976522
32.78377993
31.46529365
18.75059147
30.87487619
26.55640513
14.52881683
18.97752363
27.95993009
15.67975907
26.81857048
47.28407759
22.79197395
19.54140556
34.24632668
29.87988129
18.53275366
17.31425976
28.08557286
37.78486335
22.73917777
28.82612372
15.96937535
12.09871076
17.13432537
15.77776778
17.20518824
13.27588328
25.98484806
12.75075929
27.22932817
28.21652582
28.33626334
27.43912442
25.55939602
19.53928456
23.03326494
24.48317721
32.60819438
21.51128426
23.00511205
24.31250506
23.08717504
16.27344187
17.20019857
26.80961343
26.55538282
21.43050301
21.59121103
30.05095013
42.26979508
44.23889552
34.16768172
28.0620587
29.53321153
32.61414537
21.25220131
38.05397149
19.52127889
37.82784805
28.84231355
34.77186269
34.20059541
22.25587875
24.12835909
22.69355326
31.29518609
38.70681347
29.73763665
36.36105928
22.65645858
25.72388823
46.14746355
22.01796009
38.04376318
23.56919224
30.09069988
42.97576904
24.94564755
43.06430177
28.02816846
24.65067543
19.37302224
22.17665392
39.98449716
17.24420555
30.33521046
29.7613492
16.28769379
25.96411102
27.63244098
25.94575447
25.59296587
15.82677978
18.23144905
40.22241585
16.6192418
21.23532486
19.39310311
19.34479306
15.46778079
22.56285984
23.59697896
25.54317563
27.4201575
25.08690041
19.75768695
23.17781364
19.95672563
35.65917484
17.67013064
31.00346408
17.31314584
15.87290778
27.09022686
22.40923193
17.91830338
19.1039294
17.69449931
19.86819275
17.7215688
15.48247516
16.41716659
16.91139104
14.50099964
15.58280326
66.05468863
33.12681814
15.62061512
53.06646863
41.01994385
8.321019465
40.40004603
19.70057241
19.42914492
28.51718951
19.5191884
22.07452526
19.73493571
18.70066394
29.51966151
17.44823394
19.43799516
25.83202891
16.49153908
23.61231422
22.36469083
20.40227377
15.51802868
16.93110568
22.96401946
49.72187418
24.75977741
21.88659518
71.63447053
22.02681032
24.04271025
25.33424905
21.03564523
24.14914194
19.69234781
22.26994759
22.4406808
19.32953405
22.93456955
25.01217692
23.71703692
26.23086923
20.53443225
25.000275
13.63501962
26.4023044
14.5351646
22.81623583
20.49147803
19.0942857
24.37718799
18.03228831
17.36563688
14.746441
22.24524322
13.02328544
17.30283075
22.39180611
26.66602603
18.05032448
14.51177251
18.44829499
29.58497009
23.64348841
16.72295735
31.36934482
37.56757484
22.69672716
18.56745269
17.7075305
28.32729101
18.77337322
27.40375391
22.5927217
34.1346458
25.98345942
42.31119286
18.10373107
19.8078433
29.84101657
18.21663252
23.02865667
25.52982402
18.39894732
30.28815163
17.40009173
24.97460925
13.70634027
14.87582224
20.40480685
38.38913581
14.54105455
20.47245008
33.50746964
17.66627016
15.59478162
33.27400654
18.45491744
15.05015662
40.04533486
15.98789981
16.6342414
16.07617319
15.47530345
31.17238142
31.95584063
27.55101879
28.64068079
27.80996438
27.91744895
26.72910681
25.119692
30.08485569
25.52936624
27.47711933
44.47669223
49.21298581
28.13661431
30.14506781
27.71700643
27.43498922
28.93571401
24.31552629
27.72803872
26.09997736
21.66553776
22.62798528
32.56543862
18.23511121
14.00412011
48.85493282
15.20175496
15.10238824
13.42262931
16.16206624
16.62961797
17.83628619
13.96104391
22.36095237
27.95953327
34.26271483
20.96093709
24.19261487
21.20747711
32.25629078
29.83990263
22.84808138
34.41084943
30.15210219
22.00332668
33.38013297
25.94287045
41.52690965
76.9912722
30.7450372
24.97779834
21.91868487
28.28754122
29.87274004
20.67737864
28.9770659
25.6380562
28.715038
21.81396224
27.50217462
24.63086921
30.74111571
28.03251718
25.05645858
26.35939595
28.4924699
31.53519523
18.680873
28.99737569
21.49137123
19.28148336
39.58477181
24.12631439
19.58603818
21.68172751
23.15400952
32.61001021
19.25207924
19.55310918
19.18939515
20.03057928
17.70220511
31.90560797
19.18297111
23.6824599
20.26770447
28.25732839
17.50865968
20.65772507
25.49135596
50.08065948
20.73026647
21.21419107
29.65262865
18.06558348
29.41504567
20.77839341
20.61425214
18.96910066
21.98582459
16.68746489
15.19797073
14.52185873
20.51241339
16.39552929
28.12402554
15.39285896
26.8491954
24.92800815
30.92866434
16.86704832
15.78464958
20.6245825
21.05163674
14.32025653
15.1589839
27.56719337
21.51578564
25.39879482
21.04698274
19.76340907
22.56395837
25.75471151
30.42876356
30.75414695
18.92785558
17.32166037
16.52156882
24.64592991
23.45989191
26.66155517
27.93511886
16.72475796
24.29616265
17.18854069
18.63392102
17.36006734
23.84901226
21.89510972
23.02937388
10.66561395
20.82536073
15.3568019
19.96009787
16.0727094
16.10305963
18.04229822
20.83126597
13.95149172
16.44698273
18.93699574
18.17932422
14.02916015
18.20636324
17.56235623
14.28232259
20.93470689
14.03334112
14.09990098
22.64887496
10.934188
22.30775949
15.64847809
18.28383329
17.63859028
13.13324194
18.60328086
28.03233413
21.95422315
18.39696362
18.54316033
30.72294224
14.27339606
28.6041965
21.40112937
24.20642428
24.57746266
18.07283151
23.13629381
22.31905109
19.76610989
17.82385006
20.91075019
35.6188604
23.13823171
21.74955386
18.90795776
19.67768386
22.24191674
16.98445124
29.24089446
19.88764803
17.61335181
20.25279641
35.2940721
19.33604965
18.7694669
17.98510737
21.01925711
70.2414285
29.07904198
23.25767933
17.02139332
35.1013964
17.5997713
31.29887866
33.24101651
36.78674018
30.21451153
29.31805925
33.46446953
33.51541944
37.42856514
22.29411785
13.31018554
15.53270788
20.64776097
21.29759692
21.4997179
20.35422311
22.26378295
18.59995439
19.28528286
15.08633569
21.23866658
20.3094379
20.06111258
21.57056554
42.17610466
21.5104297
18.15098816
19.66271479
20.62847353
37.88085788
18.14280934
20.12152307
19.47777551
30.38019415
21.1286949
26.82778696
29.15017957
25.52646706
26.28407748
26.54268739
54.17546385
27.441337
28.13067855
27.56919229
25.23862088
25.2140233
34.90775951
28.34607489
25.74705153
20.74306877
25.29424001
26.07194659
22.99125688
30.03299028
26.78504646
21.54439637
30.84298493
21.73389816
32.1983828
23.94056639
23.36012843
24.38803718
23.6947588
26.18597722
21.62281251
29.50948377
37.29866521
28.81928771
15.04856963
33.09706295
34.68459625
25.64176418
19.0526896
24.66167723
25.87946923
16.11447339
37.60572243
31.30013003
34.94964545
27.0258491
15.92959508
29.41017795
13.52587185
28.42981643
26.76885664
18.5891663
25.36876503
28.41556454
20.15799214
22.2785232
27.71633507
15.1555659
23.62217162
24.82250734
19.60715671
19.26842167
15.18730469
19.39946616
23.12628389
21.84008564
22.83796471
25.76003691
14.69324804
14.06678891
14.1216756
14.19249274
24.06237913
30.42526919
19.69323285
14.28479455
20.67991175
13.88798369
15.41989792
14.14509821
22.86005981
14.76314963
19.65409343
29.98626716
19.19884051
19.9675595
20.11813555
32.38452766
21.47051212
32.78829666
18.25598553
24.27684464
20.55213262
19.52469692
19.5054553
19.92954927
36.51607563
21.56313442
37.8258033
20.53446271
20.74419791
25.46434753
20.62893132
19.7715726
22.90048087
30.96006747
24.23198317
21.39191293
19.40602749
23.61499982
23.41222266
18.31642654
38.90875127
22.11033822
18.85427653
17.98957829
16.93171608
20.10212885
22.95219372
18.47637159
20.1380638
34.18707587
57.38347476
18.50260185
21.87473892
19.99296577
23.13543929
19.2671246
20.54212271
22.37529582
18.58010241
20.88941809
21.89198156
24.89047091
23.82478082
16.47809583
45.44451085
19.92996129
25.11281021
23.24512116
25.53858267
19.88499297
25.94415223
27.39467492
24.07943874
26.40695837
28.16984846
23.97651663
21.87026801
24.22134764
20.26833011
23.23111342
24.45420031
21.98461915
24.07130572
20.96374484
22.08078152
21.74183287
16.18632809
16.82516234
19.87664634
19.74760075
23.11598412
21.61452688
22.5699857
27.01135299
26.64187106
31.41060534
28.57688287
21.1130238
30.14941658
23.36697967
23.22833623
23.8745558
35.74868421
24.54836371
20.63450089
20.84716585
21.54163445
31.31953948
22.0538341
27.40547825
24.2356911
17.39212656
22.70141169
28.28746504
22.11412245
27.97399893
24.50746953
23.15922816
18.13762133
23.900252
14.80842312
24.52033293
26.34023066
21.16032677
18.07942339
27.83550805
24.60772137
30.38822031
19.61236004
13.39591076
26.94973708
28.68107146
18.69953481
23.82414006
28.75347555
25.71578572
23.76318029
15.98832703
22.02447574
25.48288731
19.84864598
27.04592996
54.24716598
15.62757326
18.87054267
28.56791059
29.25423085
26.23033524
25.4366677
20.42093564
22.71592299
23.85745048
25.41145982
16.97409036
18.8948961
24.62891611
16.41928758
30.31368007
12.9364616
21.94670046
16.74308404
25.0061802
26.21492359
48.25648922
13.18774719
32.26591927
29.48480992
11.49948897
31.26448497
25.55304829
11.48644253
23.34082582
26.29056259
12.82510125
20.03115913
20.52056176
20.26833011
13.18117051
11.34940124
27.94839422
28.67161083
18.88758695
16.16772736
31.10461617
27.46633115
24.19633803
33.69503345
39.88693098
20.3378502
18.2781569
47.50402102
35.74961505
26.76487393
27.43048775
30.93669054
38.67014604
24.98847964
49.06628562
18.58358147
22.3078052
26.12176716
32.64837136
40.17299188
29.92256067
21.68908237
24.5007555
32.9814758
18.02279715
25.15455886
30.84887488
28.40030536
16.66379816
34.01797547
30.45159107
21.55884662
21.16391259
20.92950352
23.81968437
35.38913576
34.9241934
29.94872987
32.70713386
32.80669891
31.94467102
27.74168025
30.48061364
32.3544215
28.23218157
29.26532417
27.36205104
25.49308035
29.099779
30.7206076
33.46051754
26.68026277
26.55577965
23.497246
64.35666479
22.01715136
22.114153
25.48986065
26.95144608
28.28792271
25.66108214
25.27956082
26.60085477
24.81278733
19.50348692
23.34609013
26.56166962
29.04103173
30.69256145
20.9512019
19.88105615
25.89321765
24.06028863
23.46283692
18.76682711
24.28604589
27.04901225
21.96423309
23.03041148
13.63581306
18.3951631
24.89416369
22.08532874
29.02737496
28.89260729
27.61954709
26.02552862
20.6619824
19.08126974
17.79786394
22.68517614
27.46247072
23.45569572
23.4362252
25.44887493
20.35144605
26.96250885
22.0172582
28.40402866
23.11577049
18.53934562
20.80773658
16.83541641
17.00183132
16.61988269
30.841337
21.52451385
27.22533027
21.95318555
22.22317868
22.90370054
25.19345409
29.01702929
32.53356253
28.05423086
24.85609244
29.70988052
25.29059307
27.49045577
26.20585964
31.0233923
14.07522716
25.57543323
31.05400199
32.56977212
42.46227238
52.03694238
33.5537807
19.57120635
17.33949818
16.82943484
58.52779456
17.69521646
53.4115971
55.80294537
16.46840635
28.6992754
22.66999331
51.22923669
35.01124617
31.29694084
19.58509214
19.11721999
23.16826145
34.95307882
29.87272476
35.82482671
26.33621756
33.39693325
35.22351446
45.21716679
40.39490381
39.86134159
42.28445907
28.46918467
21.53394393
45.95924352
30.08932662
58.35663423
45.40740092
30.09668149
19.05416971
41.59836762
31.55123244
21.54343504
19.85641282
37.812711
30.34226013
21.93742297
38.8787674
28.76151709
27.51938687
20.29298871
26.25465811
28.9228812
30.84429718
27.78530579
26.42578797
23.91413767
33.14900461
20.86797915
24.34769228
24.77315965
30.71053666
30.84086398
23.51735736
31.10261722
28.15449787
31.97796623
38.09105081
25.78315429
25.77767628
28.03863616
23.34819583
26.83183059
23.40358616
15.14979804
23.6440836
14.51338998
12.46370657
17.7154347
25.57544854
29.62275153
29.84879867
18.45476481
34.87946933
29.43884981
17.5904633
17.82366693
27.93247918
17.57897328
17.29092871
20.64110805
23.24829506
21.4928972
16.53482895
22.58754889
22.2544292
24.28992167
14.35841936
19.88126978
20.47830946
22.60564611
25.36485879
16.43631664
36.74401495
32.07106157
35.09053213
31.01606802
28.41390121
32.36798688
17.12404076
20.61248208
30.96247831
30.29753591
35.84817305
21.50922429
35.64199315
18.12516994
35.43302072
32.64347325
33.75074419
36.97640988
33.84249659
32.99136367
18.46923037
29.96630839
28.67441852
35.33153296
37.88464211
31.20070222
24.54140558
17.23970414
37.01426742
33.75146124
17.30444815
16.00491358
16.58889161
19.83268501
62.201923
27.16940591
19.56464503
17.09851242
32.36942124
19.40213648
19.41588483
33.10077085
26.75841941
40.72515481
22.58446655
23.0588695
24.50060299
27.60836218
25.34686826
21.96621672
21.78733521
39.01774648
23.60711088
20.8926377
21.06872682
18.7478601
24.39894732
21.48249045
16.73284522
21.21525922
23.31325266
20.68888394
21.62652037
42.16168487
21.7736326
24.02740537
23.47185495
23.2585338
24.23448558
23.0182347
17.30490595
21.1112537
17.09539956
17.99345409
31.46501894
24.34512875
16.82932803
23.68561857
17.77317482
20.34824162
22.02784792
14.30392939
19.87362499
26.61045267
17.43538584
17.48886871
12.9695279
27.22087455
15.45137731
15.46016649
14.19870314
22.03907855
17.30153371
16.44063495
21.45329995
19.88755645
31.26601078
24.82673402
23.81501508
25.23450084
26.34023063
27.96397366
20.30687437
25.32312522
25.0056613
20.2576946
21.89047094
19.4455941
26.48162076
41.61814327
23.01327555
26.08342129
19.04110799
20.58258966
17.65030921
18.50209832
19.7926301
20.76987886
19.40723297
21.78880011
19.79911514
23.89921434
17.91496163
22.16397367
16.73835372
17.22356012
34.05444452
23.9749297
17.81470988
33.41332133
16.75202582
13.17323583
15.74674617
15.90431086
15.2193639
33.50885822
16.21988269
25.69440779
20.66828433
14.26718564
27.83060985
18.86259272
17.61028476
22.44327482
23.54145136
24.87037487
23.02970954
25.51125379
23.65265917
19.47544084
18.96252404
15.0782332
15.43485181
20.52748939
13.60042744
19.08230739
12.59034121
11.13020541
19.84094021
12.54900451
13.59549876
13.55352119
16.255894
18.78205561
19.46967288
22.32434597
16.81892136
27.61565599
36.87689048
34.11107068
16.53786541
36.73208243
35.311559
34.6281837
36.57592158
31.39392721
18.5364158
24.59861166
22.23489761
33.75753446
35.43195271
20.49077613
37.22310246
57.82961803
39.69384329
43.29628472
21.50457026
19.9938966
19.27284677
11.31075012
18.88548118
10.61626626
20.09710864
20.38364255
25.15831258
21.5549098
24.91024668
23.37172526
26.37039777
24.45162152
21.23906333
20.60520355
27.17750852
24.9274894
17.578073
20.22917549
18.14912667
21.77377002
24.26739937
28.6565045
27.38590094
30.15254468
26.67068001
25.84187091
21.7587856
27.70800357
49.40186189
25.8830398
28.16932966
25.50513487
19.18382563
43.04165747
20.9995577
17.90688961
21.5982607
18.64802033
25.75100347
23.80498997
23.91671647
18.12500214
18.8465708
18.84481594
28.24129119
19.4912339
18.34618162
19.45543622
27.43538601
29.92834395
26.53209766
18.4708631
13.69109655
16.87205327
37.06071596
33.66700266
24.68439789
17.18654174
23.38657228
23.06791805
15.92108048
21.48886873
16.37477702
28.25287272
27.77924798
25.76487396
26.68815161
21.52756561
29.46364561
19.98054493
16.51129948
29.9230185
33.88706823
22.8856796
27.0473795
21.03285284
27.19337781
17.21013215
27.019074
27.35176644
27.15954855
17.29849715
24.96153221
25.52741307
27.54416748
25.4511332
28.41307725
17.50040457
17.33791117
24.95935017
29.3650113
16.87577647
33.46985609
29.66138733
25.6455331
23.57444135
24.90609616
28.94190913
29.10106078
24.93299788
17.49648299
25.13856741
27.15680204
30.40556975
29.45757252
26.78622135
30.78132324
25.07232797
32.83640829
26.9805297
20.98706057
33.30066409
31.17091659
26.25693166
29.4886399
23.91647231
23.71158943
31.29367538
24.98872383
24.2701307
28.150149
21.14030694
21.98144522
26.03108282
22.75709184
50.94297744
29.82314821
17.25008031
22.37833241
32.93695003
23.57148111
22.24371731
30.34152768
27.28218532
29.34044432
23.38443603
31.705608
27.5266196
22.30948366
32.74493048
48.82453688
26.54631902
31.16572856
21.13078528
29.83802579
23.84724214
29.37625721
24.88229215
20.38513791
20.17277814
23.46794861
25.82642889
17.47177861
13.14738706
21.7428857
40.37520443
17.93392867
28.58483281
24.90064877
23.7882202
26.00956772
38.93432557
23.74795172
20.91233709
26.38248291
19.3060504
21.80791966
14.8511942
20.87667679
17.81690719
23.36768165
32.23624045
15.09176793
16.55834307
14.5234304
16.33510355
25.79838274
27.69452988
15.86262321
24.33902514
12.84684536
13.93743818
14.46695674
12.05535989
20.50769844
16.49596416
12.67071046
15.41355017
12.80849943
14.1996492
15.30104544
15.07248051
13.0804152
24.71755577
15.03387521
22.65015658
22.85763351
24.81483201
23.54317562
21.67798908
21.5145344
24.68616791
30.27463207
21.93765185
17.26155507
17.02049305
27.9850464
17.6968492
22.97824083
24.28925025
23.48905185
20.09622358
18.84557888
17.95002689
20.91671648
20.1806365
21.88009484
32.58319998
44.685878
25.53670582
24.29481978
18.79887101
23.41176492
18.99903886
21.44940893
22.28758693
23.06910833
19.84338158
18.5069202
36.29582697
66.35590185
16.57288491
19.0711225
18.86895568
18.65180456
18.32462061
18.18619079
17.98896792
14.12794708
29.69289717
39.18216257
20.01609848
20.01432843
19.92297265
18.2074008
32.20154151
17.07884357
39.41924199
52.21429815
23.59588027
20.12944247
20.62250722
23.26323358
44.43221211
21.60408961
18.483406
19.06858952
19.16771212
22.79685688
17.77436504
36.95132405
22.06361507
19.77433454
18.32707734
20.50971265
16.09213418
14.93267738
19.08456574
16.94706661
19.04683016
15.85932726
16.78587036
15.3312888
16.0133213
15.28368066
78.28380295
23.62995373
31.00614967
23.84139797
21.60218227
44.51578581
26.37790518
46.29926029
43.7020832
39.17756948
25.77525004
14.72408656
20.59971029
33.64667757
30.89550644
17.1475244
28.44911908
21.55555067
14.78019394
23.39935934
24.35487927
23.86269953
24.94888249
18.78258965
20.20776703
26.22923654
24.94329769
23.8989549
20.85702317
16.63489753
46.21959286
24.24498381
19.20598176
28.5224387
19.08096459
24.6361794
24.49129501
26.46901686
31.00064116
33.5779358
16.85595502
24.22977065
23.72315585
24.94512887
27.23660669
22.25928158
18.15103401
24.16224946
22.58117062
24.15675618
23.15164441
21.12764197
34.2478222
21.44563995
17.92645175
18.12278957
26.9803925
16.29349219
12.26611752
23.19771137
33.26376781
21.63987199
16.22552856
27.74656317
31.53527156
14.32036335
32.13754511
23.78033131
29.84380897
23.36708654
29.24301546
34.36810887
33.13063283
28.30185425
29.31982936
20.64022299
21.32118733
18.85438334
27.45075174
22.80708035
18.37238137
19.80473047
20.93801804
32.33498156
62.20909465
19.89869556
24.5521174
25.00761451
16.96910064
30.41342822
19.01754806
75.04341225
24.36096763
21.4339973
26.97735591
30.70994152
27.99266068
19.53978813
23.30383787
23.31265761
57.98335274
16.27476937
24.86945924
24.32709265
28.15364338
16.67924028
52.30443301
26.20811805
18.18817447
24.70467714
22.22664248
33.34953876
19.56360746
30.79523949
26.08444372
39.47020703
29.45070603
20.2466013
41.17024517
14.75986896
24.08520666
18.41133762
17.35536756
29.80947614
26.08543541
17.31468701
29.3184865
34.16514867
16.54349602
19.51947834
22.75826679
17.69674235
28.74215334
18.09121861
36.38048395
19.04893587
23.87498303
18.89202733
19.68882295
21.25535993
16.91250494
17.52545985
18.40814847
16.80735502
17.89819197
37.95950285
16.93058686
18.68600005
30.96786474
32.26593449
21.83814775
34.35120186
19.99276739
35.12236243
30.20785866
45.54139044
17.82671871
20.36569792
36.005524
22.2581981
30.33275382
33.72138578
27.61307733
29.41870776
28.2536662
22.37114539
30.56668979
28.04466341
26.87060378
24.90453984
28.53395926
40.81963874
21.01705976
27.84123021
28.24000934
20.14746339
24.26736881
19.68964698
26.60784337
22.16165427
25.37483812
23.70693546
23.09050146
24.63965842
21.02475034
18.15542856
20.192096
33.96096775
28.36401949
25.83016733
29.10977367
26.7151601
28.89546065
27.76443148
28.41727346
24.21025429
26.61178022
22.25217081
22.44222192
22.17254925
29.64243561
24.18645023
28.09057782
24.74009336
30.24864608
29.84309177
24.25746573
25.13322677
25.6711226
27.05526847
24.45406302
28.85363576
24.46721623
26.6935228
21.47747028
21.71328322
22.77236615
23.97325123
24.02797002
27.76994
24.60415072
19.98289486
22.73023602
25.99723842
21.79299633
27.02908397
23.87988127
36.66163155
46.33376081
35.9102619
47.13476805
31.76540804
58.20120583
69.55658852
47.57354109
39.23886503
18.81649521
17.64423611
17.99522409
55.74581555
19.83744584
19.45304054
19.58266595
23.156924
38.49813107
19.61509134
62.32262177
29.61197862
27.97950739
24.14534242
26.3922029
26.60334196
26.99588033
32.7061573
27.12462068
23.98806769
27.93046488
27.07776021
27.81446583
31.46898628
31.28516083
26.12950353
33.38548894
28.13043431
33.10280032
23.49808527
26.40462374
26.35787004
27.80236539
40.40442538
28.6808731
34.09985539
27.19345406
26.29160024
23.11271858
26.68467261
29.20059534
40.28592381
16.44539575
15.204761
14.09372106
20.09346171
18.00555445
28.11798297
14.60195331
20.89785633
22.50081655
16.04988193
20.95759541
25.14375552
18.74256526
26.78344426
20.39491893
19.44394617
13.96992464
23.05842708
14.22844299
12.65392554
19.19397287
20.70946839
32.04678444
18.53888782
17.91946306
16.63416514
30.73421856
31.72625341
29.81297044
30.38245236
29.06842175
40.95989951
28.66352357
22.96754423
25.41039166
27.70270876
50.306661
26.2064701
26.69127974
25.65865597
25.16951272
21.21611375
30.39516317
18.7595027
27.58448186
27.02333135
51.32985467
18.73795705
29.94326726
20.67150398
20.31386302
22.82720707
17.45149941
20.13511886
20.02262933
17.39443064
15.80575284
22.72407138
22.66300472
31.23152535
25.83379892
36.00015287
20.63086918
21.47531876
26.17244251
14.66456107
14.98031604
14.85796919
23.15710711
14.50721007
14.75024052
13.82450615
20.98590088
45.20904891
13.15965534
13.83291387
17.14540343
21.51017039
23.52814551
23.06265381
38.52851181
16.55620677
24.996155
15.41263464
15.10124378
14.53737715
27.23164751
21.8584118
16.926177
18.17906481
21.9499048
20.17041298
21.53728564
38.0845811
28.21351982
25.88389432
26.03309703
35.96330227
20.1337913
28.31139113
23.043641
24.3246817
33.94897411
23.28134605
23.57036723
30.02417058
17.58611448
25.29378222
29.93452383
21.21580856
28.85095022
29.89218013
32.00759934
21.04069604
21.11868488
22.59607869
31.0424662
22.57842394
26.96083031
34.6758224
20.67223648
19.36847511
19.42476565
18.05835073
16.75864827
22.37563165
21.29562857
28.74259589
29.33109053
24.22088982
25.69626945
25.38214724
29.32323212
26.9319298
19.0046237
32.70168641
25.22394163
18.86009019
42.66233342
28.85336104
24.38220822
13.70193044
34.67321316
22.1009234
18.63549272
12.08398585
18.68073567
25.61896722
15.9557185
26.23093025
25.24550262
47.59920683
24.25995294
22.92065329
15.55507759
19.37541788
39.86186035
18.29953478
18.55904496
35.66100577
41.98263552
19.08545075
32.14372498
26.81283309
24.53382186
17.01327552
15.99902358
15.73048005
12.77659281
19.07139717
19.71975304
20.5836578
23.73687361
18.1009844
18.34996584
25.99993917
13.04342736
15.33699569
22.66167725
13.87136663
20.18115534
17.52355249
18.01908923
23.92579558
28.49810049
18.18197929
35.85667233
31.53960504
22.98519899
25.51905112
22.42938911
23.08838046
33.45253712
30.66434752
21.78326113
22.87449481
30.44388528
22.52265226
33.24095553
30.03013687
24.0867478
30.32207243
36.86804028
28.41991329
23.99371356
27.69098981
24.01448102
22.50307493
20.24785249
28.15680198
20.12727574
33.26169253
22.69736806
27.63347857
27.03326492
19.42578795
26.17154217
28.20730938
30.55808375
25.61016279
26.75176648
24.29449934
25.50469243
13.0249334
26.34576973
20.12597872
16.84800505
15.81550338
26.23198316
29.84043667
15.93286048
31.85470394
29.24931747
41.8225379
31.49259195
22.66712466
41.07759244
28.57851555
43.66878807
21.09208843
34.70429576
22.50760687
41.6342874
31.85621454
49.8815751
24.19166879
34.21634267
22.12857274
37.99183673
30.21362651
38.24002469
30.16316492
32.64194731
19.62331598
27.84632661
33.61969969
27.96971108
34.15135453
44.46504952
20.07158029
14.50310538
24.2001681
19.24634187
27.05905269
21.43761372
27.64869182
22.90225095
21.55596265
21.06364567
24.18724377
21.45709955
20.19296585
20.66404242
29.47649377
33.05197249
36.70673716
31.69091353
36.04110808
27.82798525
40.01040704
38.21820437
37.35017962
14.8691693
30.67437274
20.2497141
22.04747105
23.49784107
30.01719721
33.13286061
29.87782127
43.3258415
19.319753
22.62221735
17.50316646
52.37096251
16.06703307
25.69471296
37.72106541
30.65827448
28.47943873
31.57270191
21.01359603
19.40560027
37.31555692
18.10553159
26.14302306
23.44760835
19.67434215
15.19943561
26.96318023
33.75371975
21.23648454
20.70878178
16.30220512
16.57273233
24.83599627
25.65494795
27.45400196
29.86584297
26.75628316
18.48256675
18.42653568
18.31631976
16.8650494
19.73557663
28.07118363
20.792035
22.48766332
16.63482129
26.76571327
14.15136967
31.98434455
16.36737642
22.57804252
14.26952026
26.22603214
13.15054568
26.54833323
12.95185796
20.45712998
26.68513036
25.82739024
31.16386693
22.5774627
27.54268747
22.4728316
22.48172754
17.59281322
21.46234859
24.01377914
37.5936677
22.34332824
15.16369896
21.48845678
23.58100273
32.96704076
26.58835761
29.71189466
21.23233406
25.29393478
36.44098605
27.55849571
21.53250954
28.47400651
21.50865971
19.45975455
24.8898912
18.77540268
25.45218609
26.07362504
21.69193586
17.97132851
15.50522637
22.60540193
12.63259342
23.74149718
18.61182597
22.83247144
21.54407599
18.84324424
19.14506781
17.34259573
22.61167341
21.57451763
30.24698279
24.13546985
34.63956694
34.67682945
34.28250584
28.65188098
30.06295905
35.24309172
27.10571477
34.65085863
21.68262783
25.32628391
28.00318944
40.02020321
33.18742691
51.61783811
23.27451001
40.14894354
25.09376691
31.0381631
43.49131027
11.25958666
13.52802337
18.68316188
20.05070596
19.41997426
18.0780196
38.47924036
31.35547438
25.75336868
17.76702545
35.05877808
33.0397196
21.72536834
38.49028804
29.83439405
24.76032681
27.99578875
45.86576681
23.372473
31.18468027
35.2268104
23.48659513
18.12094315
36.01046803
36.42801584
29.89924494
16.7568324
17.60454733
20.01617474
24.44948522
21.78056023
20.51271857
44.03343289
24.56580474
23.1211263
17.84722685
17.50914796
18.36661345
18.47583755
18.96133385
16.2401009
13.58870848
14.77065707
12.89082186
19.88537442
17.83569102
20.33589708
16.88377219
24.84982092
23.67512039
22.16072346
23.53798754
18.10389888
21.87925558
22.51989035
59.79087541
20.28581695
21.12854221
23.70756104
20.53516459
19.9951936
19.26756714
29.85133164
24.09814626
18.16382107
19.20193807
18.47077155
20.41658676
25.29620834
32.51162001
29.25456654
34.49346188
28.16174591
22.28934183
26.36299713
16.38509212
23.13244854
21.21091046
15.7519953
28.14949292
25.25366622
19.23054881
21.15080516
19.55977743
14.61828047
17.17203041
39.82859569
15.85622968
20.44565523
15.50685912
16.14674619
13.51532784
17.97378521
12.82871766
14.08558804
22.84164213
13.21411475
16.93008337
13.60727873
16.19675005
16.79368296
23.52275908
18.69346171
22.06385924
23.58727418
26.9165792
23.95355176
50.45742
21.01071209
19.51293229
42.31557218
26.43987213
25.37344952
28.88674778
30.17871398
22.94811953
19.13138039
13.35758009
16.87869094
18.14259576
20.48755646
15.02458246
14.56144064
12.86111254
22.60410492
13.39771133
14.32684843
29.99641447
13.6883957
12.28693083
14.02235462
12.42703916
14.53441691
15.91310005
15.30472286
19.72597872
18.61022375
20.41350446
28.12043971
23.60369299
25.02491825
27.40891157
16.80776706
28.50116761
30.89410271
17.0689252
20.96865816
28.61127664
18.40067159
16.92512416
28.36131866
17.55764117
26.22703928
33.42111873
25.86329474
24.59755886
16.68593901
16.05987658
30.42098142
33.39734527
13.60733974
25.13122787
17.21609848
16.52318628
14.35260566
30.012589
15.94021532
16.64081809
38.50608108
18.05796923
23.81974546
23.21451155
30.1209128
17.92999179
14.91943253
17.16568267
19.21532025
17.26033438
27.74543402
17.72491056
14.75356698
17.79160774
15.23352428
39.28905195
24.9774474
19.64219142
25.56205101
20.37149637
18.32945771
16.96339381
19.63163214
27.70077094
26.20190762
22.47408278
22.95449779
19.74255001
37.36078458
18.74065785
22.512917
21.7689939
23.09755116
16.04214563
38.15069837
22.82259882
16.41431317
20.76842934
19.89749012
21.75461988
30.9991916
24.67516609
18.82207997
21.4261847
15.82719173
33.8963305
17.19055487
19.4108799
29.21001025
27.73136521
20.65864061
19.07351819
19.00613438
17.73705674
13.39626171
17.68386379
32.82746659
33.94958451
32.63329544
42.11688442
29.63840724
37.03468403
37.96018948
35.75945707
36.89477408
36.0792709
31.72468171
22.1872284
38.04045195
25.68081194
20.5105518
24.18995977
21.54314511
21.18960881
15.55208685
27.5332573
27.05650443
16.79975606
15.3559474
14.2358436
10.97419715
12.77592141
14.78776241
31.0362252
14.74268729
16.7035479
13.37706587
12.00926237
15.49631512
14.72407128
12.67873671
13.8261236
13.53885729
15.11731156
24.42117975
25.11296282
15.20273155
32.78342897
20.16955842
40.17499071
20.49182898
27.13778919
51.4624249
24.14419797
30.02156128
24.96733064
25.8421304
24.42961802
29.15361286
32.33270795
20.93113625
23.05723683
39.96627789
35.27551714
23.16965002
27.76992473
27.87516623
23.74558656
35.95481837
23.3905091
25.44222193
22.23654557
27.34619697
29.44712013
19.48992165
20.41709034
17.44696745
21.32199606
23.88638153
28.03781213
16.40936922
25.33017496
20.34374021
19.33115148
17.46446955
23.76121184
27.28815167
26.07489156
25.86208923
22.44179469
19.94140555
21.45677901
22.01541183
22.97550948
35.49356852
15.39342353
19.40813328
27.06910843
24.78957836
23.97592152
18.29794786
16.34332818
20.61519818
17.80195337
19.20119044
22.18713688
20.44228299
27.25711479
18.07988115
17.79803177
18.82214105
26.40863689
20.50965157
17.40274681
28.54589176
42.56400432
30.62330086
79.83645427
17.63839189
23.04249658
29.81293991
22.66565978
17.33244849
21.17460921
13.54999636
13.41127658
22.89449939
23.58789987
14.78567194
27.32552102
20.17851552
14.25210976
14.33661421
14.7734495
17.33516461
19.86141773
19.00956753
30.43393635
17.58092641
20.84238976
18.44394616
22.62850406
18.26274531
29.59420187
34.72471228
19.58216239
35.30193055
20.20860631
26.12956466
18.073213
32.7836884
28.08241425
30.19185193
33.39421715
28.87475419
28.96957383
30.21001022
17.50368521
20.71956991
23.235508
25.38854072
15.77244239
27.55124769
16.13308934
17.02323968
21.56896337
16.8185704
18.56389736
14.13391334
16.68259726
15.2714124
23.89343116
22.57485333
19.19320994
21.57663861
19.33167029
24.46031907
43.39617035
15.39507147
23.42909919
31.64428203
24.20163295
21.53997119
23.37485336
45.30391431
43.80627182
21.28480984
25.89735279
20.04800506
20.24200828
21.51270335
21.46175348
20.77393774
52.91689977
23.66297421
35.4404824
26.08055261
22.76414154
18.46796385
32.74447269
20.96742218
21.14021536
17.98426814
18.40834683
20.59371343
26.42729865
35.18768625
31.47449482
20.76003683
21.9852905
29.42746653
31.67147356
25.46231804
27.25711481
18.9487909
30.86483587
19.33034277
23.97625717
26.46578189
26.369879
20.68946385
29.13237232
29.68215483
27.03041147
28.87025287
22.80123619
28.2002597
22.7219504
25.85015668
22.61455739
29.29077614
26.23509605
23.92788613
25.11244403
23.14923352
15.75698498
19.80929302
21.91264237
19.67580709
21.73316576
19.73556138
19.78730477
18.88954019
10.82191211
23.68535925
17.48598481
34.48831946
27.28777014
16.35993
13.46279105
32.08244474
70.51200143
17.00257901
15.77753889
34.95880088
22.10035892
30.04141321
17.92288112
35.0178381
18.25850329
46.24321386
43.67400663
37.18484807
37.88126985
30.79186718
32.62923645
25.42021844
23.81979117
20.38490903
38.59519374
28.51511428
26.15194957
20.02235467
34.53325736
43.10920922
30.91500753
34.44415992
42.86558363
19.30122855
35.81008656
28.19766568
19.24522796
35.38713698
20.55117137
36.43285307
30.38025513
45.25110283
18.9399865
30.74998124
18.43923118
14.83857498
26.57224418
14.96713228
34.41408443
19.13209757
15.48354336
18.2356758
36.0067906
14.25059912
15.12861849
21.07136664
17.99165353
23.7653775
26.67612752
22.48323819
21.88050681
17.31029242
37.22365166
29.59407981
37.24414456
10.55159854
19.76354641
15.82430782
34.07913357
35.10963629
11.43671335
38.80677536
35.19014293
36.29207319
19.6857559
14.6916001
16.66121939
14.70704223
27.98126218
17.47914875
37.94290101
17.15922808
49.61312313
17.85296425
25.49562856
16.47095461
33.34338937
33.16662885
16.69778001
60.10070987
40.26459175
19.80549344
25.70734745
44.06314211
41.39371355
30.49655929
28.49079147
24.31516011
33.51404616
28.4731673
24.11793725
37.12938164
12.73533242
36.79037197
22.78393251
12.8025942
11.52869473
27.36717811
22.43126602
15.45186558
37.2047001
29.90336489
14.79926772
29.95701562
16.61295506
29.5626614
25.190387
14.76894803
23.88296351
18.13922348
17.80343342
23.24553313
28.98579406
26.43715591
31.50585212
22.72930514
19.10388362
36.80512727
29.5637906
19.9579158
31.83303609
28.61719723
14.67907242
43.23292919
15.78023972
33.21568652
36.59935935
27.01315353
33.7354699
29.58492439
14.92686368
14.00778227
20.91226084
33.56728494
15.79494943
14.43234929
27.40416601
13.21133762
26.86442383
13.59790968
47.02906874
12.6103
29.74442695
16.14032217
15.31760146
21.59897785
22.42272091
17.97677596
18.70797306
17.89597944
26.25473433
32.43372272
25.73604966
35.09970278
22.02693236
21.07090887
44.14262643
38.60985764
24.11096385
27.37714222
27.89658983
56.44759306
62.89138652
41.97196942
41.02128665
32.49723068
34.93739249
27.04501436
24.76768165
26.29851251
30.92858806
34.73237231
26.42597114
21.61803639
36.313268
26.2736861
24.42853461
38.43225784
29.34119208
31.19554467
27.65195729
26.5961092
27.40704997
26.31905117
24.93415756
22.90730166
26.98484809
30.16116609
23.75202589
25.30986519
20.91845603
21.89541491
23.97846975
24.3777679
30.13960504
23.95428421
28.8304725
21.23747633
41.73066337
21.39345412
22.39517838
30.4706038
26.40627175
22.55225476
27.86077694
21.39694842
23.24496859
29.52477332
39.13827752
26.78945628
20.99475111
25.02999948
22.99905419
15.72512414
20.11786094
21.36449248
28.35298728
14.39385078
13.71827284
29.87837062
30.15721392
23.57216773
25.68296351
14.22320913
27.37299187
25.50197634
17.49506391
23.39658227
25.91868488
14.46858947
23.64498379
20.93420336
16.50898012
15.04338156
12.7866638
27.01799062
23.58744201
15.2040133
16.21324498
13.40296041
38.7748383
15.7066302
28.22122552
15.99166877
28.09286664
13.79104312
42.83074733
16.98580929
15.44429713
25.68575597
14.71906631
15.32182821
25.69012003
22.18135371
34.50484504
21.03569104
29.01933349
30.91122332
26.31624345
25.32292691
28.87861475
27.38295594
44.61753297
45.92835916
31.59079909
26.80177029
22.65375773
16.18162828
22.07100044
23.63817829
19.26779602
21.24530418
25.2785384
21.27100042
19.95519973
29.94666996
17.41583903
24.35806839
21.370886
16.94903504
24.74665468
20.4045779
30.05896113
18.6409554
20.04463282
22.35074409
27.50099969
22.41915027
21.1312583
25.63074716
27.04272552
38.72199615
22.68789224
20.60657684
20.63314279
25.43077766
27.39761986
29.17703546
28.97697439
26.93435599
23.93104467
14.08305504
33.82961798
19.20097676
32.66343209
29.13354723
26.16922281
41.94569349
22.21489305
25.13524098
31.72568889
33.61451164
24.52903059
25.10273928
31.02433842
22.64838659
24.99920678
21.53844535
23.85970885
43.7623564
19.75045416
22.40009183
21.17631818
20.22241571
21.58939519
25.00169398
22.92910678
22.41634265
20.68451994
20.79365247
20.32297271
23.16345491
29.48966226
18.68390956
16.50742368
21.49662036
22.64809672
19.31017036
20.9076069
27.05026343
18.79108893
22.81225326
18.13421855
17.21216163
19.21660205
42.15806869
20.16839881
31.145434
29.59499535
24.66451542
22.87161079
30.27458641
14.97331218
31.28293301
24.22233948
22.21368755
19.35410108
26.81310783
21.60495941
15.21002536
28.16594216
18.5368126
15.17702008
26.24103182
14.11287116
22.45523786
17.6703443
14.10017564
19.62378903
18.29727644
48.21017804
16.07878252
28.72694005
15.80329614
32.93891848
24.03559951
12.73881148
27.61036111
19.29948905
17.12390347
16.64647919
17.59174508
23.54877577
15.58318473
12.87576119
23.64974466
16.85980029
26.94271788
13.17694379
32.34512881
15.43004522
15.66846743
46.17396834
19.71352734
19.21118506
15.48657986
20.2500498
18.99971031
26.94802799
18.14979803
16.18547358
16.59406444
20.58793029
17.27965228
46.0641797
20.9021441
19.36577423
18.72768771
20.68773959
22.30142691
17.44902741
18.12956457
17.15240731
19.88682405
19.08668669
32.89973328
17.53708727
27.31006359
17.90139642
35.78468029
15.10132007
17.26799441
19.54535765
17.83152534
17.32292684
26.62325498
14.98536676
15.97286961
15.39011233
12.28748015
17.84504481
19.85055339
17.50289178
17.647822
28.75747336
32.62638319
16.40671416
16.65420023
15.99511729
27.54641061
17.66559875
33.99040239
38.0771194
16.30763733
16.32753508
16.97256446
34.70923969
12.29488078
13.20688197
16.52924408
15.44614344
30.95538296
39.5956514
29.95744286
25.99798603
14.56774259
17.5559627
22.02873296
20.70086233
24.73705668
24.12372041
32.40679047
56.57364795
21.4371254
26.06617863
19.11490063
25.6037692
21.96897862
24.93810956
15.3322043
25.50917856
20.12652803
22.11412237
61.62021851
18.26034963
24.48392481
19.94956914
36.26179937
46.1678954
23.88981485
68.11079617
25.16987895
24.53958978
57.48744979
82.03991799
21.53037331
23.78895271
19.23082346
62.69605593
28.14799758
26.8401773
24.00483737
17.29121864
18.0353401
17.84293908
18.07058844
17.81292459
28.09961111
25.20460842
16.07431161
30.8057224
16.79099738
29.08999798
29.36110502
30.67560875
16.86410334
17.66172293
24.56508762
17.48233787
18.35056098
23.25181983
26.43524857
20.91639601
32.39066177
39.0897691
22.65453598
18.42551328
22.43135753
20.02174434
23.23811728
22.95027111
21.95655781
38.97723395
36.18835764
21.48357391
20.27220587
20.62879398
21.4152745
18.56617097
26.23102181
28.16949744
24.15596266
19.41399273
22.06175346
42.66797925
45.15719879
20.58463438
21.55271251
21.4741743
19.83256299
23.21371812
24.51882225
16.66808598
15.15214789
15.71245919
15.45369671
13.26704832
21.42520814
13.34671567
23.46794868
15.37142005
15.48946383
20.04205409
21.87187026
16.20924712
19.4073093
14.55962482
41.74564761
30.55590172
21.85172827
37.4822617
24.76305812
23.466026
26.62174429
23.5288016
40.32266755
23.53604968
29.02075259
25.33875051
17.96688811
34.4432749
19.07591383
38.60494423
17.98568724
26.3239492
24.01438949
27.88146815
16.53568342
24.79697893
19.36639982
24.27081735
37.72498698
17.45478005
22.1276877
22.38809815
17.40444057
23.00122093
24.93386759
30.35263633
17.37102332
24.82786321
16.18760985
31.68126986
21.37581464
39.11589258
20.55426889
27.53621758
17.51519055
18.48250571
23.00396757
31.22488779
16.80030536
18.58269649
28.15477252
41.2311898
31.7180289
30.60387612
32.06176883
28.1943087
31.18487865
27.09828368
29.02157659
16.24661651
18.75281931
16.54999639
25.2289619
31.37833252
20.97067237
16.48383323
18.0964067
15.9072406
16.10606562
21.37264086
27.6105137
24.53487466
26.99827598
19.76411098
17.82810728
18.0649579
20.78077386
26.46500372
20.48638155
47.7620969
41.42032538
20.72324734
18.80151082
20.99443066
36.69294312
35.00042751
18.83219673
21.61078835
31.44818832
23.26671266
23.40857577
28.67772971
43.00334199
26.10516541
29.11970725
31.94720409
21.67766861
20.81995902
25.91064341
25.65029398
30.97967523
21.39745198
32.49227166
25.7002215
22.18326108
34.57520438
32.08699195
27.65885435
19.16699491
21.81695299
24.87551713
27.87298412
21.50077078
30.55159863
39.95538289
19.16516383
