30.4997027
21.90576054
23.04455657
28.59279802
21.25697738
20.67072582
17.94737184
24.18945625
19.8881821
13.32286581
36.5584805
14.2860458
23.29840565
43.58632823
14.49425516
21.67786699
15.75005741
19.21576279
19.46334039
20.96766634
21.74593751
15.67281624
12.53333349
17.94595275
23.41663255
19.39638383
19.86498836
27.96447727
14.12628383
17.6268561
15.25229283
22.68770902
18.22479614
16.54653258
18.23166269
13.58500055
23.98704532
15.54100883
20.30536377
15.208942
18.25989189
16.04200828
16.7768065
16.69819204
15.71320688
22.06126519
20.56418731
20.37906484
20.76037256
23.29431622
20.19137889
16.96316487
23.04325954
21.81441998
110.8706496
21.82499449
17.46945927
24.22021844
26.86581248
19.58817449
22.91567888
59.00558517
31.81550339
23.57972097
25.4937974
19.60930819
20.03555374
27.07736348
17.51879168
32.74546445
20.91541945
26.45027871
17.00216699
20.95567278
22.99057015
20.49701708
20.23291392
19.38832707
20.78864749
21.67550185
17.90722537
18.36098289
14.40852994
23.11279492
21.67881307
40.44502975
19.05244547
18.50934638
26.46643796
45.04582315
17.50775941
24.93521044
31.28230737
20.40619538
62.42980121
19.95895348
22.2537425
19.12523101
24.33386761
21.4772414
16.44750154
17.54857731
18.52516995
17.32468167
17.12185877
28.81608324
12.45079746
14.38481746
14.34264154
16.14735657
21.47603595
22.76102867
28.70983482
22.30164066
17.07982017
14.91668593
16.73885732
18.89633042
28.11894442
23.6914323
20.00361661
22.00181605
26.10104548
18.61364175
18.97235086
27.25526845
23.08429107
33.80418131
24.62183586
19.82238521
19.48169701
24.73775867
29.11113173
18.42485716
13.18332208
17.58982248
24.16191375
24.47292311
15.06886418
22.07043588
24.96142546
16.40578337
18.37706592
18.61892144
15.84843232
16.83729327
24.78245235
19.80019855
23.94586127
18.40123622
23.27010018
23.49617782
23.70106074
18.86736879
18.38660281
17.33371502
25.75809899
23.42783267
14.41112403
19.88479461
24.10731698
18.79928303
26.64483133
19.85464278
21.56615571
22.20117518
18.21324505
17.04267973
17.14023064
19.80804172
18.73144141
13.86547665
17.90980413
16.24429712
19.24493809
29.82481144
21.50530273
26.42264466
28.47586813
29.90597418
25.38976146
22.39603292
41.1537654
38.38023996
26.0982378
21.92274381
22.31104015
23.97102331
14.71599931
24.41971487
18.0070346
40.88761749
22.66260798
15.75062199
37.2216528
15.84679967
26.94317571
22.37146585
22.37491439
15.21455734
30.94847053
19.91026192
27.53638541
19.53720932
22.18191828
22.8736555
23.95724444
23.72845069
29.10505866
25.6291908
14.60071734
21.99070748
27.63263928
23.0323036
23.88099511
16.8488748
18.17315957
22.30266292
14.51822705
25.14076476
24.65854911
18.24148948
29.85891542
19.29887868
32.058534
23.01086467
22.49108134
22.75220901
23.61355029
16.11519054
23.67995756
22.54026108
23.14644103
20.9808349
25.30830877
22.37158794
16.59356089
19.78152156
18.50827822
32.49216478
27.45197247
20.52169094
21.99455277
21.72898476
23.65294903
19.4005953
24.11079595
37.14776868
31.07486108
32.27525778
38.58909008
24.40476104
25.61156656
20.07782124
25.3519648
36.05906798
15.4144352
20.05253704
17.6919816
27.9382774
19.35739706
30.20691272
20.93167032
17.16372948
21.37747792
37.98321549
28.88799901
17.9976961
17.56748322
29.82862615
26.29160012
23.26430175
26.4319984
23.86436279
15.92195029
23.9136036
23.9599453
15.28551172
19.54744813
20.24310695
22.84467864
21.67122933
25.07667685
25.49620837
20.35913661
18.21600694
12.97706587
20.93868949
26.10188468
14.746792
31.75904505
19.97380047
35.05145363
19.48009483
44.36659829
26.26593449
25.92607024
21.04994303
30.53133465
40.47357926
20.35901451
31.63469932
15.1646145
29.05954098
21.39040226
28.53472221
38.39305744
18.77633347
34.36786482
22.12092797
31.66654488
19.00933875
26.67545618
21.37599783
22.34485414
24.7700316
34.11895958
27.43355483
21.37682175
20.92852701
20.56383641
17.41704456
24.69160022
21.96849037
17.63425673
15.81347395
19.1835052
24.9000384
27.39398818
17.64708956
26.73702637
26.6540172
16.92779455
21.4923173
21.3413141
14.5958345
14.94676149
18.7316398
18.79098216
18.57297653
25.60671433
25.82778704
27.88392492
24.49680351
16.44029931
19.03518753
14.87841632
29.94795171
20.02082879
18.57642503
25.34355716
41.99049387
23.60111415
23.90659983
18.73530197
21.95774801
21.67718041
18.16778841
36.55342972
21.87666155
20.70356321
26.86190611
24.27388447
18.2140233
19.46388976
19.86041067
19.20129724
24.47101574
29.17840873
22.34103937
17.95588637
21.31448867
29.1612118
23.21666308
20.5957277
29.99732988
20.19299632
15.63163217
26.99148573
27.75721396
29.8269019
20.28099513
27.29689503
20.1558559
16.93633957
19.78455811
16.96606417
19.59990864
20.8416421
19.54750918
20.64002467
15.21052895
48.43469932
20.62247679
28.05723688
24.52260652
16.09385846
21.42325496
21.2832077
23.86329467
14.30894962
18.0970476
22.42822943
33.29871088
19.40949132
31.06410343
24.03285294
24.75887718
24.05029404
29.54613593
28.20376925
30.51422934
23.23808678
24.09407211
24.84727272
21.66804021
19.46034964
20.6753798
22.72436127
26.42824468
19.61095625
28.78416141
18.3616238
25.12922895
21.98022454
22.10975836
23.81887569
19.65235398
19.28302456
27.58471078
22.32558199
29.53723998
19.24380891
23.49550644
16.8675214
18.24881382
20.46324891
18.30408201
19.81852471
20.6644391
17.97921744
20.37523487
22.42148498
22.36774267
19.06768918
18.39440013
14.97279337
20.14970648
19.75342965
16.15225473
19.03320384
15.10518064
22.07637162
21.2567028
15.71052128
19.05067543
14.22459771
22.98551945
19.20007651
17.59903887
24.55092731
23.59827607
18.05741992
25.34834847
13.0892502
26.08134612
24.65713001
22.10258662
21.25014143
15.07585278
23.05709947
22.55303293
12.29864974
22.96128813
23.87373191
26.80033594
12.44769988
19.22626101
17.14139034
15.62929753
15.14668516
25.60990341
17.8014651
27.67037492
38.65920544
17.32294215
20.7046924
20.7295341
23.7237814
19.29312606
20.37497544
16.58133845
16.43625564
19.36023518
18.75320078
15.83178474
19.88427578
17.68485568
38.09582707
16.21762437
17.67245005
18.19008186
19.30513491
14.62926702
17.74659362
17.08880778
20.4829941
14.05529887
16.33058691
16.89875666
17.84881382
19.25590926
24.4672315
22.15017951
21.41376392
21.54764658
25.5824982
43.89587276
24.76209682
19.34666995
20.600107
26.35768699
21.25542099
21.32678743
18.24284757
20.29288191
21.71329846
27.84336643
21.95103402
25.27612748
25.08995215
26.6015262
18.67667681
17.81145973
27.59710107
20.88889929
19.40862158
24.13402022
24.89187485
21.06926094
17.33885729
21.72571936
18.5349205
18.65662643
22.38432922
20.45807603
18.49227154
14.88014058
16.18844914
16.05511576
14.51474802
28.17871405
26.65502429
14.5631039
30.05645865
21.25664171
14.82720703
17.99305738
26.05726724
15.03442457
16.60613431
20.11522112
12.89530804
19.01980644
22.14958445
18.82133232
21.93751458
13.29431622
23.24754741
19.0031741
19.01748704
22.88154445
20.25336109
13.21087988
18.92013453
15.29532333
20.54795172
19.25380356
16.79778768
13.39223336
15.34456417
22.71149795
17.863081
21.83208994
21.34477781
20.84748632
25.65548206
30.70208317
23.50238826
23.71799828
18.49431626
19.13165509
28.32629915
17.84008565
24.7895631
29.44562472
20.28404689
20.97897328
18.1967195
14.73922351
21.41695303
48.85577195
21.03874285
18.54909609
21.03425673
25.36012842
18.65896108
27.09217999
24.52321682
20.20677522
16.3933015
19.7183645
19.4293891
26.60239592
14.7480127
23.09224103
25.57016886
25.49001322
28.56630838
19.37418194
18.85803029
23.40454739
22.23889551
22.62063042
40.51364947
24.87025282
33.05920532
36.33513411
30.56571324
22.61661733
23.13130419
24.89770382
23.10902593
24.00857583
18.86645328
23.49677298
18.18011774
17.00979647
22.23431776
20.9484095
19.85004984
22.33972709
17.96731542
23.59946619
34.89036422
16.72181298
22.53192972
20.26115841
23.43344805
20.79366771
20.85987666
16.96856662
18.80636327
18.10618775
19.62381957
21.45835072
20.7194021
18.5271384
16.39522416
17.05535995
18.29980949
19.66262324
19.32745887
15.69085243
17.9045093
11.4778517
17.74786016
15.32057702
17.16202054
17.36308869
16.45246075
18.68806001
21.18222347
20.65291849
24.36780367
46.25583307
18.0727247
21.22775641
18.65748099
20.67945398
22.10249507
21.57079445
27.36968056
14.91534313
29.58023982
20.73437118
18.28259731
20.52260649
24.90283079
20.90724066
20.68400114
23.77038251
17.75201062
18.04983616
39.12335427
17.07286203
19.27853843
26.36408054
16.03912434
20.04127589
20.62899238
19.8847946
20.74375552
20.41521353
20.34126825
19.8804153
18.77807301
19.63361585
15.63491284
19.28711399
17.13301311
17.85729786
19.3842224
25.37161844
16.54081048
20.34981333
20.090059
14.94990481
30.02223264
21.69160017
18.16038779
21.05415448
22.87046637
15.0856491
17.36673557
28.61710562
26.60853012
19.38498534
15.25513105
18.46245543
15.75127817
14.47638686
19.09749013
15.00709567
14.93455426
13.08270409
14.2476999
19.58875436
16.75533706
13.86265373
21.21799061
12.38577877
28.77381575
15.80193811
19.33344037
16.06228749
25.94724981
19.49628464
18.8965288
24.49602523
20.28177334
15.66118886
20.38553467
21.87814167
18.50060299
22.05639756
22.73725513
20.50377683
21.55971644
18.88711398
20.4318611
26.2298011
25.55472676
13.34213797
36.65290326
34.9775695
22.54230586
14.06689573
34.82395692
22.60230435
13.71143682
29.43254769
27.35562702
32.97550964
25.22731393
13.79769606
38.58071284
23.56881083
20.93461535
21.8831314
22.08087302
22.79372879
30.6110478
31.46840644
28.18771673
19.02085927
22.67347242
21.46366089
18.51099432
22.59467484
20.29337019
20.51134533
19.43270029
20.44278651
25.5438318
17.07650894
18.72852696
30.33839965
18.66962712
27.84838661
17.47087836
17.72199608
15.92857271
22.81011695
22.69643721
21.45758778
19.67051213
17.174304
18.76951268
22.02212582
13.16409568
17.39429335
15.62920595
18.67042057
18.67255686
15.86913885
17.88932651
16.96090662
20.25522264
17.94560179
16.07893514
15.93723986
13.25755721
15.43968889
16.58933413
18.21886036
12.76952789
19.2699476
30.11973787
16.74071888
18.39987815
14.43883441
15.0993822
15.83105233
15.65555829
13.99044804
15.63234934
21.0401773
14.38429868
16.76417202
15.73582076
16.5913331
16.6908219
14.78040761
14.92971709
16.9931794
20.85035502
16.90032831
13.39063115
20.72224026
19.3608303
27.53225021
22.16586581
17.97230509
28.2785232
26.22006581
25.13778919
18.39305735
21.55301769
21.37784411
23.65066017
21.67193122
36.02040165
19.5118183
17.59815387
33.15330772
19.42601685
25.23724764
15.8129551
22.69048622
24.7299156
18.76806306
23.07264845
17.96321066
17.75761062
17.15381111
35.03720172
24.42124084
18.62169853
17.65044653
19.17129794
14.80102251
20.13919303
24.77703539
29.25719109
22.88024739
23.85790825
17.96556062
23.10350216
24.63093028
25.10452456
15.37940049
17.15802264
19.96639983
14.19012759
19.02658145
16.83936851
17.2204473
21.854063
16.86974923
18.47414382
19.23834614
23.81344346
26.4325935
33.92207251
49.41883002
19.1955293
24.74914191
24.87325882
29.62858041
27.49602524
27.5434961
24.38716738
26.63416517
21.74702088
20.04391571
23.84592993
33.92660436
24.13991025
27.92262175
31.87690578
36.50325812
27.42481139
31.29654411
20.96025048
18.51165046
17.16662872
27.87289258
18.13739241
22.4645459
26.84486176
17.06869634
16.59555983
22.17323591
19.77068761
15.52724516
25.47254166
22.16934483
25.65932737
30.8650648
16.42491818
27.06761305
31.11018568
24.71212353
28.71796769
21.38355103
16.49195106
17.39540724
15.19813862
27.02615422
21.53472217
16.24190147
15.82601685
26.00347923
17.08870088
14.83950583
15.13873523
16.43385993
12.29288185
22.55344496
17.82006583
21.54250424
23.96121183
20.9423669
21.21110881
25.6818649
26.72555151
18.62807681
23.01348922
23.3730223
27.4739912
39.62252268
34.30725596
23.10092341
23.77322067
16.74158868
21.6827499
21.20506621
22.78617558
35.84499926
19.7012286
34.49706299
22.2923784
25.58704544
24.23009103
17.44409881
22.74279418
25.72449872
21.5649045
17.50171681
18.78785404
21.32350677
18.0693067
21.99615497
21.38754892
21.25027867
30.32866431
29.07945394
13.5660946
27.24110813
23.00000027
23.81609848
34.57827154
19.71042979
24.34857735
24.8633557
14.78133842
19.18530578
22.83350911
18.93597331
20.4797286
18.03053355
27.09033372
18.11335952
18.01406908
18.8843369
21.73904044
17.23308182
16.8735182
17.91659443
16.39870318
18.48217008
21.89744437
23.45598555
18.4687574
18.40061063
18.2060886
16.78413084
16.25545151
16.60552401
22.70858353
17.91602979
19.55245314
22.79864227
15.47736342
19.31166576
16.56031152
20.37290022
27.28029322
14.89794785
15.55629835
20.34686829
15.28149864
13.20697354
16.67743977
15.78301692
15.07951496
16.76630832
20.32022605
14.65954092
15.06593447
16.11476328
13.53220439
17.37097751
12.78373407
19.47388439
21.44708966
14.40015277
14.52358307
18.92880161
17.85133159
12.54041372
13.42214106
22.84969888
22.49295818
26.89347706
16.58338317
22.31635029
16.34757021
20.74346557
19.83769001
17.27132088
18.44383939
18.62246149
21.51967667
19.57938527
18.38670961
15.85159098
18.25922048
15.71578563
26.59916105
29.01141413
23.25925101
31.03982647
18.2294654
40.95643592
24.63338698
25.25095012
22.04930211
26.65473436
21.31133002
27.17404469
24.24858498
33.21995898
28.18414608
22.12140101
22.08935705
19.02041681
28.04850868
22.79226389
19.29372115
19.7559627
50.92726046
16.81567123
19.24573154
22.69292764
25.74271786
18.76234095
23.10521116
27.94996592
17.68030844
30.11856289
27.79540727
22.35965535
19.22462827
22.6217596
16.57987356
18.14166499
18.9306785
15.06173821
21.45119426
18.90371577
20.73902519
16.52230126
15.35086615
16.72811494
15.38408505
20.51322216
17.68690039
19.84739481
11.7726255
19.89314137
15.97717275
20.62284305
23.65917473
18.51778458
21.5684141
17.06950505
20.59214182
19.42291926
17.7378655
22.51064339
22.06143307
22.31233716
28.16606416
21.22017268
20.611887
22.2516062
20.13482895
19.9394677
20.43172376
15.76601833
18.15310924
20.65590928
22.97775263
17.83233409
19.8648816
16.72317106
17.35013375
16.34207695
19.67394547
18.2836502
20.79960351
25.3447626
17.79603289
20.15234628
17.1184102
16.99223335
19.52330835
23.02984696
22.31746425
16.50920904
17.41481672
20.64809668
16.93363873
16.46784185
19.19801659
16.6691999
16.89987053
19.31067392
16.10246452
18.72097378
22.45215552
19.5755095
18.38538207
27.31708271
17.41632736
22.74139032
19.16614041
21.26556824
14.06984072
17.22444516
15.68326869
28.68227702
22.18155209
20.65746571
58.58515339
18.6275275
17.03985675
14.95999108
13.5129475
37.3115743
13.44959203
16.68819738
25.22043204
20.10081661
20.93217383
18.81861624
19.50225093
16.54923342
16.29718491
13.77434978
14.42030997
28.45037038
19.2401162
16.71316114
11.55173588
15.37471601
14.4411843
11.32271323
20.28772433
14.59639907
20.30597414
19.1044177
14.47711929
28.64327482
18.34226008
21.53516466
26.4048984
21.98260491
18.26988656
22.47870628
28.88108666
22.96566745
26.47644796
20.7634091
22.24907326
22.90778998
22.85915949
18.98725892
40.97729478
25.21985233
34.30995677
23.61986754
22.95468094
35.36929906
20.10179316
24.17900383
21.91342056
24.26202826
27.68319243
25.62763436
23.77227468
24.92286591
23.2132146
20.58713688
28.67997283
19.01638843
25.28378752
21.61619006
19.46253168
26.8380106
23.61347392
20.85822866
15.52687893
19.40776708
26.34947763
19.84223719
20.40636322
16.41188699
16.14316034
21.8836197
19.60831638
19.36374477
19.78802189
16.68152918
15.05476486
18.57952264
15.23854453
14.89662035
16.80825534
14.34226005
21.51044501
27.27333509
27.28584749
23.86729255
22.81902821
21.01620533
28.17665399
30.36804786
24.27652425
22.06929146
23.29451462
21.951446
23.16952795
29.04672339
43.1978793
19.01477097
20.1986269
19.57122169
23.64806621
14.31300851
20.79775715
33.09773434
24.48700712
14.19581919
21.60651588
19.23546218
13.88827361
14.97018405
17.93673631
25.01690725
19.53244853
17.41332131
16.38245228
23.88661035
14.31772352
15.44182516
20.60521883
16.24374781
23.73766713
20.47891988
17.38445125
21.29738331
19.00308254
17.38622129
14.25774037
19.46700261
16.4941331
22.37100812
14.45584822
15.43613358
16.7474329
19.98820504
18.75431472
21.8593426
17.45819813
19.47164137
14.43904802
17.24815765
18.14917242
16.86887943
12.90232719
24.48059844
15.48969274
18.58416133
28.07599025
18.62662721
11.98530574
14.44567045
13.56430932
13.93229591
14.58886114
14.08183432
18.93662954
30.8431833
16.84683013
20.67631064
14.49057775
17.4150914
16.57485334
11.00723294
18.20955237
12.10951418
10.74456414
14.26904729
17.26337094
18.39752823
22.40242642
20.95902977
13.40154133
23.56003686
15.99551403
13.86463742
18.53995598
22.86521728
25.91924949
15.65856431
17.21385539
22.85920524
18.76382109
19.8358589
16.87013066
17.97248821
17.69600994
16.16757479
13.96461451
15.2731977
21.83778156
16.93881153
17.22803104
20.20140403
22.97262553
16.03665235
32.84884443
21.6492716
16.52245385
19.32764194
23.73397445
14.02835144
18.23967365
16.86794863
17.64203882
27.66781135
18.27153452
24.92970191
31.1950717
15.99523937
20.78588561
18.36441617
14.86411861
14.62342279
14.36224937
17.95741227
22.59494945
17.93954396
18.66141772
13.72431543
17.63370742
16.95677139
14.24324426
16.89889393
12.7564967
19.20512725
26.86550723
20.37885121
15.61901292
15.85854908
17.74682253
23.6234686
20.75072883
34.29309561
17.29260719
18.21138345
22.18957826
16.93394389
21.97402946
16.90513485
14.58884583
19.6139775
14.27322823
20.8883805
35.50664574
20.58193353
17.91429029
14.81852463
16.8652631
22.58136899
15.90045032
18.07794326
17.51943257
25.76012836
22.402991
20.55628312
23.16412624
22.60085476
15.16050983
17.80384552
16.48899079
19.03035041
19.56963476
20.56501132
18.08116293
58.53252498
16.5842987
22.7375145
17.56360746
21.90704224
27.30817146
16.52852693
32.25180475
16.38464962
15.69996207
12.03192204
25.79255383
24.85149944
16.96563693
18.33536303
22.81957757
24.71413774
18.27631063
16.76347013
18.55956382
24.70586744
33.7418634
16.59273693
20.0948961
18.87794333
20.07212962
17.19115002
22.42969428
21.91099441
46.34906573
16.6046542
18.76675083
18.83561481
18.24683015
25.61553392
21.157275
18.74006281
20.04496856
26.89716986
18.81741079
17.85426136
20.72683326
19.02964846
18.92326264
15.00946078
14.24554838
14.36885653
22.51184888
19.37650135
31.47885905
27.1982761
17.75344496
18.77837823
18.20950662
25.97065715
18.35727497
19.68540498
29.24971411
17.46327936
17.86462219
22.87579182
21.39324047
16.48050679
23.88696136
18.16379059
20.53435593
29.24446504
18.72584135
17.37198466
16.73965079
23.60096158
18.3053943
20.51914272
24.75962489
18.67834005
19.06349304
17.10869025
22.22775639
17.09512496
23.64397684
18.03083869
18.3533229
16.5631497
13.5325248
13.56122701
17.70093865
21.92204186
17.34837897
15.40341822
15.24718113
18.45490221
21.44321376
19.74357234
21.47570022
44.55202589
23.16032676
25.04184045
21.68296355
26.77145057
23.34930975
23.31207772
22.39966451
24.18274225
26.44689118
24.4603496
20.49135598
26.02360594
19.48938757
18.87887411
22.52382719
15.11825759
12.90501275
15.24094013
27.31671655
27.66802499
20.45452074
18.18376457
18.73281478
22.56818514
29.35104937
25.43769
25.84385465
20.09887869
36.47701253
27.94345034
28.16018943
35.04837149
27.01638848
25.91578571
23.28657989
23.02771064
63.9730681
28.56102878
16.85772501
29.14900454
15.72359824
17.69993158
21.91503791
18.05091953
20.47345715
21.08818208
37.64100139
19.25694688
19.50150321
19.82566589
23.43501966
25.10724064
24.16293606
23.08918921
23.22540649
18.94250421
18.89738329
24.18330683
19.75378064
16.13766707
21.4060733
17.049119
18.74918765
22.16327179
15.25232337
19.57413616
17.09417887
19.3807891
16.04898165
19.74528134
15.82110342
17.11366464
19.47219067
14.2120243
19.32889314
16.59418655
15.46630065
15.88265832
13.0260473
32.34865371
18.15367382
15.69802413
20.84745574
16.82446037
25.05452069
22.8933244
21.02677978
23.39095157
22.11032294
24.1307395
16.38416131
16.06240959
19.45172827
16.08639678
13.77213718
20.521691
13.13461526
30.87148886
23.18588561
13.26636165
12.14306876
17.89706291
16.65568037
15.0985277
13.55889238
28.1765167
17.96897861
13.32069906
14.11935627
15.71351206
15.1808196
16.23704911
17.07212964
25.04528899
12.34818057
31.29182907
11.54047475
13.12259118
19.1088734
13.8339973
12.32713836
16.95162913
17.57846973
15.4523692
15.50200679
19.83913962
14.98220818
22.32932046
22.95974695
17.21965383
10.92625332
12.30550106
12.95539806
17.75169014
15.73991021
17.89677294
19.44625034
9.83286808
17.25062969
13.77117593
12.2542765
17.64875279
21.90634038
23.9218588
17.54045951
28.28635113
19.80579866
18.54886723
35.6011143
26.4155186
20.84521274
19.12811496
21.52291164
20.22381957
22.84191677
19.68973851
20.09019629
22.15431471
17.90966682
16.46445432
20.49454513
22.8851303
22.95129345
16.45377301
25.17657765
19.12057699
18.16896339
17.43611831
17.73318096
21.74291623
18.14021537
12.99906937
12.25827439
12.33186863
13.04615871
17.63338695
23.75724452
13.40056475
17.92184349
16.61123084
24.24721167
20.07309094
22.56018944
16.52512416
16.78019398
17.86421014
15.29483501
14.7402306
17.99414073
21.59008186
17.83480605
38.75378071
20.53525614
19.6254828
18.7708402
11.80990327
26.73527147
15.69588786
12.80967437
17.4030215
15.37920215
20.31091807
16.70531799
15.93334883
18.06343199
18.22906867
26.78901376
20.53322679
36.46713994
26.83474508
22.86808601
21.6942857
32.2827195
20.58977669
18.02253778
36.11351212
15.91863912
21.49752066
24.22224791
20.02600161
25.45737414
15.83634719
30.02003533
22.043992
19.96450777
19.78017878
17.38793031
19.84364105
20.15748859
21.76446196
23.20177029
24.49544545
20.534478
19.35642042
24.82519285
23.38501588
22.92239287
16.20773652
19.02150018
28.27331977
18.55461988
18.91207776
21.44362576
16.25619919
17.35767169
20.33664471
22.94813479
29.91493121
22.97233567
19.74514406
21.95507764
21.36662875
21.03212044
15.53482892
15.70745424
21.02316344
47.95696997
17.8862595
17.72954931
15.61815844
29.67081745
22.33670583
27.11758629
17.08549653
14.66184502
16.4498667
17.77810352
30.66285223
25.72950357
18.38281859
25.01527449
24.1243613
17.4001223
21.02436889
25.92394936
20.65467332
18.18779301
20.1320976
50.63845307
38.58060621
28.00222817
22.17447192
19.78503112
16.88287198
16.41583907
23.35622212
20.34932503
61.64487716
22.96830728
15.95461989
19.67177865
16.54793642
21.05641285
17.58799141
26.72036351
16.60476106
16.3431909
19.03462294
20.61474049
15.84083335
25.7839173
15.65676376
29.1168691
14.76432463
25.69915337
13.81853991
18.67383865
20.25523797
26.46712468
16.0205236
16.19215703
16.07556285
15.95628315
16.58703002
13.85545148
23.09546072
20.33989492
19.31671649
24.42221743
30.28741925
21.02775641
26.93304366
34.78326124
25.39037181
19.36421784
19.88969275
24.62058468
18.64008565
26.68537445
22.17570788
18.31393936
22.62797005
20.07435744
21.70203732
21.47136671
16.13009864
24.93089218
31.75260575
22.14737185
18.61069679
22.93431019
21.25723685
20.96948218
21.12863377
22.44690653
21.96986367
17.22993845
16.21948595
21.04034508
19.19224862
16.15690874
17.01562543
28.85447493
23.41095627
17.8972307
22.01364184
19.22342286
22.7684141
17.21235999
26.35117135
19.83433301
21.0430307
18.64644868
20.05624499
15.50237299
17.84330533
20.72607027
16.47669205
18.90283076
15.82061515
18.18385621
19.98127741
16.93708728
14.7231863
19.22867191
16.24231349
17.91485488
18.58146052
18.35138498
16.69735277
15.43942951
15.92657379
19.87756188
21.41460304
18.07959129
20.24849339
21.75231577
32.17155749
28.67925563
19.64695227
17.9683835
34.40636325
16.73727035
38.2345772
25.69819204
22.52153836
43.36693404
25.825025
21.50208309
27.18348999
18.32112631
21.46451539
18.78843391
19.93374556
23.59555984
20.81481678
25.1665524
21.59511732
22.71758623
18.96931433
21.16838357
21.94055112
17.97290021
17.66337091
19.90956004
20.34177181
27.54166503
16.12254542
16.28636629
17.60900305
22.86828436
26.00799593
25.03122022
35.05014139
23.17050453
21.31784566
22.09225631
27.65302538
32.32509375
44.60778241
22.98878486
22.28084256
20.5740904
21.00489841
20.82343805
20.00350983
24.30119805
22.06645331
23.69648302
18.18121635
61.37209168
17.85838123
17.97238138
46.77801214
15.48436734
14.40651577
16.49973317
18.07417433
11.9398033
17.01306192
16.116335
15.06440853
15.92288111
11.50334951
17.25185045
19.68880774
17.1152516
16.89419422
17.16887181
16.13945241
14.0798964
23.2831619
26.17628772
22.11578577
22.63166272
21.842344
28.7200735
22.78419189
16.08601527
33.45152997
21.28184964
24.44000937
23.97108441
28.35451307
23.65186565
21.62539124
19.3858246
21.4273749
23.32036341
24.04956155
18.46428647
14.91276446
22.86721622
23.85392562
16.56040303
24.88648839
15.45334574
17.32787084
17.49806992
33.77964467
20.01663261
18.13255534
18.56067772
16.66639225
17.70872078
15.82632202
21.82583377
20.08793798
22.38904425
18.63425675
22.19340835
26.04052825
21.77280866
19.866972
12.78478691
14.81324504
22.83404312
17.28929602
18.09260723
18.47380807
18.37543323
46.76806314
16.21750226
18.14554077
18.62244623
16.12042442
16.15220893
21.58527525
16.96279872
13.24307638
22.29129493
16.88178856
18.52323212
16.82134761
29.76063204
20.47306042
16.82652037
20.87608172
26.65145368
26.96067787
20.69378211
42.82766499
14.62888552
15.89912278
19.29211897
17.26091422
14.14276358
17.27179389
16.34999638
17.81377908
16.03776631
21.28912815
17.75629842
22.02175966
19.88973851
12.19752823
39.76508769
22.60071742
16.59256908
17.70351742
19.25925099
14.47637159
15.55567276
30.85270489
19.73089219
20.21324502
15.71770834
15.7532008
11.88894504
24.10577585
28.7079426
14.78645016
14.53574448
15.9103687
17.22247671
17.82777162
35.66674327
16.36171534
15.41043741
39.81136823
18.8998705
18.63431778
20.71160469
24.07156497
24.25357466
52.01071211
21.03831563
19.03767477
29.6612347
21.94970657
15.01309245
27.0220648
21.08363496
18.14721927
22.50687441
16.19839806
14.52645172
20.11245921
15.06741458
22.29985528
15.02861088
28.69236311
29.02063044
34.54314509
23.27431174
15.9141529
18.61905871
16.61280253
14.55848041
21.86407289
25.26427117
16.87757711
26.32515473
17.62279718
26.57605885
22.91255086
13.55503186
27.40811805
14.37004674
15.40058006
15.94003228
15.76221885
21.96595744
23.4489054
16.08123922
16.29803944
16.838926
16.66266903
18.00926249
17.34198543
13.72930514
13.63808672
31.76308871
18.91552631
12.8058749
29.8557262
15.42255303
23.1064014
16.60958286
13.01281777
11.84979038
34.41112411
16.0416879
17.1094074
14.01628159
20.59668908
12.54145131
20.24779142
14.72672638
24.74352661
12.0177159
12.46530882
17.50565364
16.43918538
29.58979192
22.13894889
31.06643803
25.08786174
21.11703693
22.06318785
22.88740392
25.54717351
28.68012537
19.61770069
18.59989341
16.677043
18.47612752
24.04950055
21.67489157
19.747616
21.02534547
28.14300783
32.21826531
18.55823625
26.05264389
19.98081962
25.09120341
17.46845219
16.59522412
17.18800657
26.75004221
30.36983319
20.4959032
16.86256221
25.18880014
19.09337019
19.28130032
20.82713076
25.72338471
18.94810432
17.19311838
20.85363567
19.01445051
19.19897785
18.58687746
15.32375089
14.39967976
16.32549044
15.77338848
7.890776079
19.56812411
18.84621982
19.63460766
12.78028551
15.16942112
18.55251413
28.85702326
21.66417967
19.67740924
24.12140105
13.86289787
14.62769531
17.34189386
21.36720867
16.39964926
19.35445207
17.94180227
18.08044575
25.27829427
14.12596343
12.37080966
20.49083713
18.06308103
18.05978504
13.65514629
12.89694076
12.73882677
20.79020391
16.41339763
17.31841019
18.62279723
17.62502506
17.98547364
13.62613889
16.18262019
14.78773195
10.53147188
13.84844759
14.60540192
20.49275982
16.73914725
17.81760911
16.17042825
19.95375012
31.45587883
18.98562619
11.54169546
18.06768924
18.58342892
27.37367851
11.94383174
12.83826983
30.01532046
20.87299938
11.57946154
14.74197017
28.02758874
16.43547744
22.36533171
16.78832705
16.01179544
14.99273689
16.49434676
12.90878176
12.033509
10.40604273
17.53208229
11.70106069
11.95820572
10.91395454
17.57518903
14.86640745
13.11224557
17.02824464
15.59572764
16.45990713
10.46952026
26.69977898
26.00225854
25.48128506
20.36668978
24.4158544
19.35194958
28.56029627
19.68680881
20.94641052
19.73449331
21.61377916
18.02700871
18.20491363
21.43372271
15.72925941
19.57624192
18.47670733
18.74499144
15.62906867
22.77000101
26.86468325
23.03485186
19.57195414
17.32350674
16.05420027
17.66393552
13.36510277
16.58995978
14.50247978
16.01853993
18.46083797
20.21956233
18.24535006
14.3809264
22.87264841
19.22368221
18.59189764
19.70049615
21.64502956
18.7902497
16.11090276
19.65627546
21.40164819
25.13772817
16.74526607
29.49144762
37.93144163
32.35893828
46.93586663
22.46901677
32.10661502
16.27690567
22.3314567
24.75178175
32.03089989
21.88009486
20.39263014
15.57816455
19.75605426
22.84623506
17.38997508
18.99726885
20.32715366
15.9714506
24.44461774
17.20140407
16.32414758
19.22983161
20.51212354
26.86477477
26.14244321
37.59551412
28.55722921
19.01779224
19.3698026
39.65374271
18.73102944
38.87194668
26.89686449
20.21081892
22.53653794
32.63382955
19.92451387
16.68349758
25.53826224
16.06547668
17.65200298
24.16255455
27.17505179
21.92384243
21.86868107
19.59726884
19.33723985
21.7437097
19.92478853
33.5723204
21.51404617
24.56543855
22.34566284
15.85058383
36.72269805
50.38008722
39.73019021
22.81304671
21.38893743
36.58268125
27.88700717
47.0980853
18.11012462
28.05478016
16.49538437
50.18786947
16.17801193
24.08928079
29.08984542
20.57622667
25.3010455
25.49340078
41.91056721
15.60700411
15.40428803
17.42670351
21.18684696
24.36252408
28.37474656
31.98402407
18.09115758
26.33269269
22.30014517
27.72861853
28.7126271
25.93907094
24.81074265
29.17843928
33.0521098
22.02615418
23.71615191
21.51206248
34.47867579
27.23987207
17.9666135
20.42011162
28.17785939
37.86379824
17.95587109
30.52034816
24.76511812
34.74961498
17.37640977
22.7109638
29.18712162
22.29753591
27.28149866
38.88787696
24.89413313
42.56594217
21.27904199
21.00151088
24.8017397
21.77290024
20.10737799
23.79523946
20.78368834
28.85210982
23.49207316
24.50687434
69.85462775
17.33902518
23.13290623
25.80824011
20.08319242
25.90974313
21.45314738
25.21339764
20.42816836
24.06488161
15.81789903
18.98216239
22.32368986
17.61672409
21.21100197
20.15608477
17.52872535
21.00119046
16.78007193
18.79349989
16.49811575
22.65374248
14.87975913
20.0273444
26.29555227
26.88465741
15.27783649
17.20518832
22.66559884
18.15352126
21.67061902
19.85760304
26.18576364
19.73694994
14.29037939
20.8152592
18.39298106
18.32272856
24.80285364
23.90432621
24.01803638
19.88287196
23.02107298
24.93141104
26.79459855
26.44588414
28.85536001
23.21466419
24.08850266
17.87748551
24.6578472
19.29262251
27.21216167
28.02751228
18.97578415
29.96809361
21.96411101
23.22198851
18.53723985
15.41223792
19.9990389
22.15339916
18.52178245
18.78234556
25.53861324
18.57718799
14.38652648
26.06735364
24.95577963
16.15602371
24.10029776
20.40198388
25.36278346
21.69338547
19.53650745
20.14827224
18.3718321
21.4709394
28.85024818
21.03868181
21.21075783
16.18184196
24.71500748
18.92845069
27.89045572
24.16278347
17.84078761
23.52056176
26.24470917
17.62075246
22.95011845
18.97853075
29.43089973
19.54334344
28.30609618
16.00027486
17.33963552
19.54270258
16.06105156
14.93746873
17.66218068
16.24928685
14.81474041
20.35056098
27.128527
20.60817908
20.79493422
25.23962793
44.44611309
30.25064503
18.34822636
18.79810809
22.76673558
24.80114467
20.03631673
16.99819965
19.79255383
30.45853391
26.92088218
17.29079139
19.06150938
21.26234862
29.07112258
40.44641833
21.86172299
31.51027725
24.10038936
26.05630605
18.41458788
20.17183212
15.571359
26.15744285
25.94668527
23.81094094
32.36372955
21.09393475
28.34482364
18.75419259
18.67948449
24.18200995
17.53893363
24.55875516
20.27441849
16.81557967
16.52785557
20.83569109
16.21640363
18.85662649
16.73682787
21.02041678
17.18120107
18.20286891
15.5499659
12.10586728
17.49245464
12.56719328
21.30750004
13.80215167
12.81699874
12.92120261
12.01388589
11.83172366
13.6852981
47.10162553
12.96197469
24.31903587
12.52504788
30.44316811
16.02659672
13.46269954
14.23154059
15.61527451
17.41185647
15.80114461
20.28877729
25.44885964
17.93095315
21.83376844
19.08694611
25.4332497
36.1990084
22.4103306
18.04785251
45.06454601
18.93221967
22.71233711
22.93533257
20.89535384
18.12454436
32.12591768
25.78307796
21.08827366
24.41605271
24.71924954
29.81815848
17.86872684
19.61074257
25.52623813
20.70777463
15.13228064
23.13943724
21.27603602
16.53446267
17.66970345
28.21844842
19.89114231
19.7989321
19.74752445
21.16240199
20.26616337
16.9285422
16.59836747
14.41136817
21.33009866
18.28421477
18.00383023
16.85238442
15.52649747
14.30943783
14.4158543
13.90182365
22.58692326
18.23315806
36.18498547
18.31961565
18.43210521
18.86323358
15.05488692
17.91232185
16.32928991
16.68140712
16.26219597
18.01042214
14.49439247
17.82162224
21.64560945
19.61364184
18.89970262
14.47327403
18.54480839
15.88198694
19.18609927
21.01977592
19.03288345
16.27423535
18.74319088
23.96421782
16.79382032
16.75350595
15.94493041
17.41492352
24.5572445
17.24702852
17.82246151
15.15490979
18.85571093
11.66991699
11.63323432
25.43648465
29.89022696
46.3015339
32.99150115
31.30296829
32.87898112
26.01634277
11.71505318
28.127047
24.36176108
15.47522716
24.59803178
13.64075704
22.87750074
18.78019399
17.05490212
21.55770218
16.36777313
15.46610227
15.57184729
17.75063724
22.32495641
22.78324583
16.60982699
22.43741536
21.94932508
21.77113019
26.04823409
25.08065944
26.65033977
19.21428268
24.14102411
24.07255684
21.83784262
20.13920829
17.13402022
22.17901909
35.95159878
15.33020544
14.38387141
38.91122336
13.61655623
21.38837279
20.18991399
13.54267201
16.98474119
17.90235773
14.90408195
17.28975375
18.00019852
19.77613509
16.81071204
16.02652036
22.73850636
21.02998423
19.99388135
20.038102
15.68509977
16.55233101
14.72822178
16.346792
16.65146889
22.43489766
20.72478848
18.40434902
20.47074107
17.5469751
23.95892293
18.19655164
15.26001393
20.12570402
20.67234321
16.06875732
14.60776702
26.02453675
18.27663103
17.86572084
17.97929376
20.35590166
14.97445662
17.75895347
19.6542613
27.46428655
18.79247749
23.04652493
34.93279956
33.06213503
20.27721088
21.37018406
21.95509295
26.02832102
25.22859564
31.12088232
46.1351647
17.66822324
22.1355766
29.092241
25.43140328
18.92187399
32.06668218
23.40866735
21.64786778
39.36516395
21.6799575
15.54024586
19.75448257
26.78788462
23.58966988
18.06555298
22.51331374
18.89880237
23.45105696
17.94015434
16.17142005
24.82137811
21.86639222
42.97250357
28.44358004
24.38181149
21.7816894
23.37506699
28.35249892
30.64329006
20.79273695
20.94287046
25.32314058
25.66512575
24.83112865
40.41248216
17.49340065
21.56821568
26.93177719
18.51589253
19.48361969
22.80543246
18.86442383
16.75806843
21.94456417
22.99102787
25.61503036
21.75257519
29.04271022
24.6838333
20.85767932
19.15834311
18.11270331
23.73667529
27.79116533
22.33937616
19.67772969
22.33040385
21.13734665
26.98526001
21.24637242
19.86782657
29.77848501
28.81283304
26.0302131
16.9203939
21.06134149
15.5650418
20.50273921
20.78454284
21.64367162
20.20572237
25.38629765
20.19197396
17.60874363
24.13041912
19.34686834
19.06231807
17.42342283
16.4913865
23.13499682
16.99008187
15.52875584
19.02774113
19.84539585
27.27879783
25.86942879
21.92112636
19.53420332
22.26153985
25.21353507
31.45684007
22.36565215
15.69605574
17.97038248
16.00874363
19.01567125
34.80909482
33.33498162
17.07473891
22.49074562
17.31062817
16.64274076
18.12394926
29.2647901
24.23396682
24.65401722
20.78524474
21.40033596
21.25938834
20.90948371
24.16134914
21.47829428
16.90707278
26.06083788
20.98301694
14.72813017
26.35582536
20.14206169
16.59775713
15.22784792
21.71137583
21.67652422
26.27165662
16.88891451
23.85699266
24.92591767
23.15638992
22.09906176
16.26678893
26.78094168
20.99430862
19.24467865
16.11444287
25.51491592
24.85970878
40.59420194
20.32794709
16.74488463
17.37019933
20.77128274
20.53974233
30.48952495
16.25603135
23.69639156
16.67003913
16.15681716
18.18783881
15.28401639
16.18185722
21.38403933
15.00071734
18.57195415
19.53638538
24.70359375
18.41750233
21.0131993
27.56707129
25.14073433
20.7895478
22.55758016
21.95608477
18.50077078
25.91364948
23.83358532
22.89073039
37.35371977
18.40340296
22.62092036
23.60453219
32.85929689
25.69793265
18.45917469
21.57604353
21.73751455
19.07068001
32.0283211
18.9531245
22.41579338
20.75521502
23.95576434
38.23978065
20.8054782
19.44443453
18.08564911
17.71947837
22.94749391
20.82417051
20.66865056
19.62442993
19.76029623
27.47051224
19.79754352
17.52188928
17.00558501
20.32137045
16.83048773
16.17006202
19.04640287
18.77947682
19.58815922
16.68337551
17.89239356
18.89544542
17.90707278
18.4300605
30.04414464
15.66811643
31.88015599
22.82389595
35.14462533
37.10739341
29.5217216
23.03120502
24.62539132
28.49489626
27.04557909
33.4462963
29.82143929
22.83254767
33.11967671
17.51470227
36.02459797
51.06823877
33.62224802
34.06900171
30.6031285
32.23764436
29.52011935
34.92224037
17.98651126
26.88915872
39.25954104
38.72214888
24.11599929
27.55277361
34.59145522
20.64231341
21.81535084
20.37851552
21.40163296
19.3798125
39.58492446
17.75434526
17.0294959
16.93936087
22.3205465
19.6187383
16.66356931
11.0931107
19.72568883
17.55597796
16.4240637
21.48900609
17.74360287
16.73347085
30.09393476
23.7845276
22.49301917
27.19157728
20.57831712
25.52480383
24.86253173
26.67887412
29.80929298
27.98567206
23.19346938
32.1984744
18.26002923
21.64844763
25.21945553
21.22763435
20.25088908
22.57900375
23.04051294
25.92001246
24.98507698
21.62085936
22.59525471
23.86474424
25.9448084
27.09877193
21.06810128
15.94813477
21.60556979
26.8175481
19.83485187
18.55040836
19.71564835
17.40769077
18.69652881
20.76553015
15.85728259
17.19736042
15.83416515
18.42063043
19.65056863
14.44510587
14.99275219
14.2423745
17.30189998
15.92608549
21.09211893
20.28064418
17.60115989
17.29662033
16.76754429
19.2679944
42.19078386
27.99414078
25.02391112
29.0337837
18.0746321
37.69662042
23.15788535
28.20111415
25.42206477
23.6420999
22.54937082
18.40993384
21.6874497
26.40511197
23.21405378
19.98333738
14.22932804
27.12373568
19.30728639
26.09080667
18.46268426
26.78379515
23.24023826
14.63349377
21.62087455
24.2999926
33.01689194
24.00944553
17.47727191
19.29921439
24.55686298
22.01074261
24.46317261
20.2209966
15.44550261
23.57100809
26.58316951
22.73760606
15.88818207
18.47850792
17.19191289
18.30591308
20.08423006
27.11958525
17.59276742
17.61472521
19.09385842
18.12257594
37.79948149
19.92329314
19.67861471
20.58571778
19.17560108
23.22204949
18.92530725
26.12431549
22.83756793
28.1612118
21.04922578
23.61794493
17.03636244
19.89996208
22.95727497
18.40352504
18.75333814
16.34731079
31.62627626
21.82217164
22.43433301
23.42349916
25.64841713
17.27391489
20.71381728
23.6660261
22.9312736
18.17674548
21.84683016
16.51137582
32.08648838
24.70067927
17.92282005
26.04708965
28.88607637
20.16223416
17.14787536
16.18794557
17.10591311
15.81078835
14.62377376
17.39798602
11.76221884
23.02290402
17.70692017
14.83949054
17.06657531
20.37824085
18.89800895
28.86289794
18.44069601
22.0741286
37.36148653
22.36227995
22.73119731
18.6540782
20.79902369
20.17781361
15.73650741
18.30395993
23.42052358
15.87620379
18.93305892
20.51470232
20.77901908
21.27341141
21.37370898
25.14482367
20.59505629
28.17399887
27.47672264
24.46248592
18.16171533
35.13608036
17.72619235
15.61274142
13.47183965
16.40152608
15.82121023
17.71738792
19.94654786
18.29878709
16.79755875
15.04281702
16.21243634
10.89195103
14.09860397
28.11264238
14.72613128
18.35729018
21.78138422
16.64438868
17.97016876
30.31107061
14.78750304
32.98590095
25.80859109
17.42037101
13.07779067
13.64208456
14.17817979
16.82679507
12.8095218
13.35762588
16.88606109
16.82902286
25.93267751
16.86147876
14.11619765
20.79673483
16.62900761
21.2802169
25.1240256
33.29915339
23.2252234
16.45517681
32.88639684
18.64716586
15.03968892
22.23193739
46.5792634
29.64676912
17.16453822
18.94457944
18.02275142
28.19555997
29.25061441
16.90960575
24.65767934
23.70331907
18.59357616
26.46045646
23.94747869
22.28874674
19.92451382
19.87684464
25.49761227
16.73571395
23.61086472
32.93554613
25.84411417
21.41882989
22.14836373
24.31538895
26.80137358
30.83111352
21.79871847
24.42494872
24.68284145
19.50124382
24.30597418
20.81391644
20.35603897
25.86388979
21.10977363
17.7520106
21.76647613
22.43158642
18.72196559
23.6181127
19.17077921
29.0015567
23.46085323
19.9114674
19.24298489
30.77793573
17.25499371
24.81362659
24.77502116
15.00936923
14.80511196
16.62418576
34.34795166
16.98223872
21.93579032
19.47248058
15.01513715
21.39655168
26.90479919
21.33983393
23.76244777
20.30385312
17.58229977
17.85206399
17.29086768
18.64063496
28.40227389
22.32903051
13.57763044
21.60772128
17.91189459
22.44867649
21.71969197
36.05691644
35.95637473
21.53794176
14.74860778
21.28046101
19.89016577
16.11436656
18.07739399
16.83132699
19.50098442
18.93939139
19.07533404
17.7924012
15.92829807
17.80122091
19.50946843
21.37732534
16.6632336
16.32364409
23.51642662
15.59009711
13.29243935
20.55681721
20.27814167
21.14404543
15.78849489
25.32140104
26.45888482
27.01100203
20.40636324
27.74386231
20.07942341
23.31085705
18.6308692
17.7564662
24.50399048
34.50240361
21.54345029
32.09335498
23.4371102
24.18068229
17.50783569
24.06807075
21.06227229
23.48772436
25.59168402
21.58066705
19.1003588
25.91252033
22.41278731
15.91435132
21.03540116
22.72233184
23.06779612
20.5089954
22.13302841
21.39203504
20.92027187
17.83131175
17.60468474
24.74892829
15.96156274
25.90714913
18.46366086
19.49012003
17.41370283
33.02763438
19.73511887
34.86367627
19.42545226
26.0629895
26.95033213
28.15344502
24.20772133
15.85421553
16.57653184
21.8873887
17.0075687
14.18953252
19.20799599
15.01748705
14.87769915
17.69265303
17.92686374
17.97334274
18.99249275
18.12446805
14.00108358
16.26215018
17.9087665
18.87579175
17.32402558
32.40375407
19.10276977
22.47188543
16.60080897
21.74627327
34.35902992
24.84048252
26.24966845
14.43480602
33.9516751
24.68323829
13.49111182
18.84611303
17.14888249
25.53662957
27.27837067
27.16260048
19.44238976
29.99543781
33.09698669
17.03903279
17.37785937
19.20381496
25.85239972
15.14908085
18.55872455
18.40282313
18.87968281
15.54595274
15.68923495
26.28860944
15.67081733
23.24249662
16.98524474
14.78924258
18.6346687
21.65345257
25.9304039
16.25879321
22.90638618
17.39630755
24.8726943
14.72603974
15.46062428
21.7850769
23.170886
33.60053446
33.11932583
19.98463437
18.6488138
18.77227459
35.88586293
26.89567428
18.37299175
23.24480069
26.86823865
20.47957605
23.81760913
16.78066703
33.01284837
20.32393401
20.17485334
18.92407133
36.82233947
23.62343808
11.96316486
27.56101349
27.38393255
16.32014973
22.62732914
19.34821113
23.89643724
35.37204569
17.55368908
17.62449093
23.21054414
19.87316724
25.8002749
25.22406363
26.08845676
23.08398586
22.40395229
23.94630374
19.26678895
27.49900076
18.63395153
12.43865125
17.66977973
18.96830724
20.44637239
17.75251412
21.42769545
15.21097145
15.92770295
25.98005675
18.26619383
21.80070223
14.79848956
15.0100254
12.03967363
14.59952714
20.11822715
21.79105844
36.1123372
20.90846138
28.03341754
33.07595971
26.47588339
26.69303452
26.70243406
48.99372892
35.08630527
22.34734137
28.06205868
21.81924184
22.7373162
34.14241274
29.4858933
27.30432617
17.24443446
26.6534831
49.95011867
16.72463587
22.15579485
22.14309931
24.16850565
18.98956305
29.06494267
24.6590984
21.34322139
24.48590852
22.39804711
28.6521403
24.12002772
28.18115531
27.75477254
33.76391271
29.85682483
18.10069452
16.24492277
34.23791899
41.64943944
16.71790668
19.33189919
17.9003893
33.72187401
21.87219065
20.20878942
16.84667757
47.83985681
16.55330756
16.46398126
20.41535081
24.03361582
18.38065177
16.07669201
32.14094788
26.37386162
17.36855141
13.74650208
16.46805543
20.04008573
13.76682708
25.52225557
11.46063952
17.3405816
25.34789072
17.51496167
34.22111878
22.97537217
14.37578412
19.66813179
19.76652191
29.26222661
18.83048771
18.6467691
21.24736428
20.17512798
29.45706901
24.32707742
21.85330001
24.46363037
26.78721327
21.94323667
25.05964774
34.95173592
22.24942421
26.55603902
24.83120494
22.27878254
23.14508301
36.59223346
21.21478621
47.48213964
24.80199917
29.69092886
18.42354491
20.06076168
30.3398492
38.68116296
18.59349989
16.44480062
22.61670889
27.28989117
16.05481059
15.06198235
15.7692075
19.05256754
20.59417128
22.42111876
21.06511049
24.61583919
20.90084715
17.08520653
23.89587268
16.5022662
24.58600775
21.69460617
17.21904348
24.24467867
22.52393403
20.73269271
20.58103326
39.98355099
17.58356626
17.06556827
18.2463266
20.79269115
17.26718573
18.98310858
24.10362437
14.88271933
20.78808291
32.85375784
32.86768932
17.53788073
23.66315739
27.95997578
22.00297579
24.20457793
12.39801648
16.44586881
18.93774336
20.13659899
23.31885278
29.14042896
16.08923497
19.71154367
16.41620527
16.54161919
17.01181074
20.40404389
17.23379892
22.17534166
19.58069757
16.06858949
15.22783263
19.12895417
19.60125152
27.00616487
29.60805698
16.55555067
35.47423534
18.74676141
13.4477609
13.99719249
20.1126728
14.98558042
18.12501736
20.56188318
34.96649161
22.51917317
19.44264921
25.21533556
28.81767022
18.60199919
18.35066778
20.43183053
16.600458
13.63740006
20.40938452
23.18471066
20.4357826
20.16614042
20.2450296
20.26955084
13.90290704
20.40622589
19.05954091
21.57427356
18.01696821
16.16337853
22.03427201
21.25746567
18.66793339
14.22920592
19.98312375
18.06314204
15.51697583
18.83714065
15.66587338
19.37390732
13.40796536
16.25728255
13.38803709
19.95155282
18.49877184
19.06869632
19.15198006
15.53113621
14.42652034
25.20981188
21.16221894
22.35225479
18.95561174
20.07422017
25.46797919
20.79632283
22.21149026
14.82639828
27.12205718
25.9542232
22.00450167
15.65899157
24.01789914
16.56269189
24.70350224
16.81007115
22.81403859
19.33400493
14.55878556
23.78040767
18.70212884
15.1698789
17.77549423
24.90161008
26.82446046
18.11650285
22.26990179
12.92475793
14.34013903
15.86640746
18.98965459
14.36012835
12.50884278
17.3210042
18.37561626
17.23920063
14.57082494
15.11395458
21.23607255
26.12242343
20.05679431
19.16673554
18.44811189
24.78663338
17.801343
16.9218435
16.15811418
27.30080138
16.90649291
14.76008259
18.35974691
13.80395228
30.17619621
19.78661805
19.04065029
20.48543549
24.52249975
34.24109297
16.59961869
13.01936386
14.91163521
15.71580089
19.0203405
14.92799287
15.60009177
17.98823552
18.50824769
16.55004216
18.65711469
15.94303827
17.63822405
15.51712847
15.58756411
24.80268586
14.28563383
16.1748991
22.13104469
21.68487091
21.07989643
16.57731006
13.42728334
18.39554459
19.55858729
14.29185954
15.859251
15.5423821
18.96530124
24.54621224
20.7948885
23.97267141
11.37239659
17.44103172
17.67689039
13.34523556
15.3493402
14.09868024
37.65767948
23.89742909
15.71619765
16.12564302
18.34671572
17.93269264
20.00962867
17.61821947
12.34970644
12.65462749
15.54866888
17.61384013
14.74787538
13.69929063
15.57248817
13.72848113
14.12774872
13.49877182
13.03309699
18.92922889
18.61741074
28.71592312
40.58027029
15.34277886
36.58866287
14.88482509
22.96589632
40.29657473
28.66370666
19.83552319
18.46897098
16.94197012
15.49405683
15.48590851
34.70933122
15.89962635
15.32565824
24.70501284
13.62549803
22.3439233
13.51590771
12.27937761
20.74161918
19.57477706
18.00021384
18.2363472
29.53975765
19.25629075
17.79029548
26.96211208
19.57354105
16.97998035
18.53756029
25.08236846
15.91602979
15.682994
21.10664545
15.5601589
16.96285976
17.77199993
18.2647595
15.89318705
17.20112938
22.00663788
19.99572768
17.60952185
24.4751968
17.56972631
20.73026649
13.26562926
16.81545759
19.47899618
22.16133383
17.62929754
29.15637472
26.02203426
18.56745262
16.34035268
19.64565521
21.83907857
18.63648457
18.07393013
27.39421709
20.15942651
23.33258585
23.59699421
19.83553847
28.07605121
23.77331221
19.4624859
23.98030082
29.72793189
27.18646548
16.03619461
22.78225399
25.60372345
16.13867416
29.58388667
18.01654101
18.83022834
17.41185648
14.57677595
31.14296206
18.5279624
22.15086619
18.56856669
21.50435668
33.51262718
32.77479247
16.8638897
30.41519825
18.11735736
18.03384474
21.15487931
18.21771596
14.87898086
17.77969047
15.2382393
30.64519755
15.03807146
14.33388282
14.81800585
13.08223102
25.00112951
12.95753434
19.36177636
19.23532482
19.67928609
18.43164739
32.02774127
16.49178325
19.66878786
17.24753207
16.8331733
23.46802493
19.26587343
19.77775258
16.89420942
23.87832482
28.56508762
21.11879171
15.64960729
28.51114697
16.17209146
22.1723814
18.36298181
20.23022833
18.67504407
17.88529817
35.57074866
21.10605045
17.99000554
25.04564002
19.2963457
21.78124689
22.27588332
15.40271631
18.19185189
18.32957978
18.53037333
23.6007937
22.07577653
20.62764958
24.67772972
15.29858875
18.6656598
18.71277962
19.47042059
19.112566
22.04814249
17.03323434
16.67963706
16.6539103
16.35925858
20.60082424
18.88485563
20.22311766
29.29329401
16.4059512
23.58384092
23.08047635
15.83178475
18.61234478
15.72732149
17.23909384
27.125933
14.3224386
13.68479456
18.68920448
18.42438416
18.1466852
17.72651274
25.69517077
25.45076704
35.50594365
45.25348318
22.83689652
18.84419036
20.53531722
22.05615347
24.56137961
21.25194195
24.51529741
18.44902748
26.72948832
23.36507233
26.98753361
21.56617104
30.12126376
15.66059378
28.43300543
31.84176418
22.18501584
30.72640599
16.1330436
19.75782427
23.23070135
18.57264078
30.55211751
17.60662262
22.02458253
31.02670361
22.37341896
25.41382495
23.20801121
20.52231651
16.55523023
24.86968816
21.65099585
19.83524855
15.37129798
21.09605578
24.62758858
16.17553998
23.54717354
18.46462216
15.5544978
22.51378676
20.14909612
26.92672643
16.75671036
16.14573912
19.47516617
16.49391947
15.34900453
29.53641592
21.35658836
15.93691939
25.43175428
18.08365019
14.74616635
15.95533705
20.71323745
13.90388363
21.87113779
12.61564069
15.58568727
13.97817981
13.70431087
21.50006888
17.64324431
16.06353878
17.54340449
20.70765265
18.50367002
28.53873527
23.0204931
30.01913507
26.52484958
31.12916789
18.69887869
21.54612065
19.62836673
18.41458782
19.07647846
15.29596417
24.51178786
23.30359371
26.28554236
18.50218988
28.84603671
15.19455271
30.76711717
19.70931586
17.21304666
20.37232034
19.63762894
27.5260093
20.29543014
18.87147345
19.12439173
16.06039541
15.97297649
32.76223411
13.23416516
13.77845446
11.42987731
17.05029396
12.57357157
28.21654102
17.88500828
15.17538743
16.67531878
26.69062356
25.42948076
14.71976827
14.31703688
21.48651884
23.22278207
17.47905717
12.43501965
21.40039704
17.76150166
15.92556668
13.97079445
18.86147884
20.61246685
13.21635787
21.18379512
18.49601004
12.93600387
14.9164418
16.58941045
19.77091649
17.46750611
14.44039087
19.56813948
23.34827218
20.52533788
19.64704379
16.73853688
15.54633422
20.04531953
17.70872082
15.26901678
14.82908389
14.00144978
18.43933798
18.53186865
15.16607939
10.55078981
10.49805463
10.75506233
11.42269033
10.34700557
20.68627476
22.04797461
16.86935244
23.7161214
25.53923893
13.52797759
17.52385771
17.17959886
19.68320766
22.05119427
21.28784639
15.50815617
42.71190997
17.42233944
20.03291392
18.63793413
17.48331447
34.2312507
14.78463437
52.42151557
21.18410034
30.95259047
21.77582995
17.68810583
13.90460078
17.85574142
18.37894276
25.54366403
14.30322748
22.5730528
21.80547827
28.36920757
23.68120876
22.67696677
20.29495711
16.1151295
19.06875739
24.51844081
18.50118281
19.97155737
17.25711475
19.44521272
21.23866661
24.90606561
18.78797613
16.66076163
20.04664708
14.23253245
22.5275809
27.6773635
18.08596956
31.01516769
30.07409807
24.45934263
24.69723074
29.39909991
22.66955083
32.09936704
20.59345413
20.56845986
20.54442686
21.87353344
16.18747258
16.60820956
19.17712694
19.70324276
17.71252018
32.91366465
19.42391114
24.79369828
23.8946367
17.68722077
27.64461776
17.80300624
16.86555296
23.69330913
17.56610995
15.70522641
17.72703154
16.26926092
17.94709715
17.67441845
15.8782637
14.48564909
14.29930591
12.63123541
19.67635636
19.03218149
16.26932192
27.07493731
23.99104321
29.59642968
24.00569185
21.18443603
22.80117518
21.69977896
23.52584141
21.23733906
43.00056489
32.12335424
17.53405071
17.46498839
29.95484883
15.57541789
23.62711553
20.48462677
17.00338769
22.83505019
19.77241193
16.5749754
16.8180669
19.95684769
28.74094777
26.62427733
18.30060293
17.21049837
20.32047019
18.69877188
25.57572314
17.95704606
14.89227147
13.8263525
17.15478769
44.21564082
19.29997737
18.73548505
17.92133996
16.8560466
18.56809363
22.65270491
20.09904656
21.8280768
21.55925865
18.63833088
23.10836981
27.61864676
18.65549729
18.4533
31.04280188
18.21657156
21.45191145
18.00877417
22.59597184
16.29283612
18.94792113
23.25960198
22.27344192
19.26086848
15.17486858
15.62737484
28.60862157
13.94758544
41.96345507
19.18132316
21.69446886
24.48925023
17.99488843
13.16588107
16.60318934
18.97111488
11.32509367
15.75510816
31.28770917
18.66407285
23.31229134
15.1372551
18.45406295
26.25192674
16.99279789
16.53614116
18.37352585
21.97555524
14.08358907
13.87490669
19.11439706
26.06022771
17.54650206
17.52414759
16.26393553
14.09364484
13.2539561
16.04409881
14.48920446
13.58870853
14.78829654
14.04533475
14.05659589
25.07232812
13.5464868
14.60582916
13.04750152
13.8345619
19.50815625
14.91093331
13.68279567
13.83299022
14.38962408
14.90728642
12.56568266
14.7424432
19.98442083
12.38179616
14.40410491
12.32172142
12.68525235
23.97401422
12.27991169
33.10133548
14.95461987
17.85310158
22.60309786
38.9921877
15.76791053
16.49652878
20.71956995
21.54157342
22.57143541
21.06686524
17.26971869
21.47031388
17.68212428
12.26662109
13.22899237
11.71749466
13.15614579
11.63173896
12.05384929
15.04538055
14.72129414
19.23312755
16.30229672
15.02668823
20.65511583
24.13115162
18.04701328
11.29385843
15.07364025
12.84261862
25.2490275
29.27275534
17.32979346
25.51772362
20.92478854
24.21559496
29.03094563
26.8866715
16.55687823
18.1479059
20.43395159
18.80006123
19.28171226
20.06442386
13.97022985
21.16850564
20.43161695
19.30786626
13.32248435
13.40827059
16.03031991
18.08824313
17.89156959
24.14245845
16.72515469
21.89944338
16.58434449
15.34975223
16.61400799
22.30914807
21.03802571
12.79987812
13.16488917
24.1598843
18.61524398
20.10966688
20.77299178
19.54583078
15.06941346
25.0480967
20.4323647
32.25336095
19.67525775
15.12693999
21.44129114
14.88574061
14.96533168
15.32860322
15.95053046
14.55625255
20.51523634
25.53656852
20.97538744
17.71473277
28.08314665
34.38077401
17.92007342
16.72167565
19.77262549
13.34418268
17.97010779
20.54801271
30.10556225
17.07850788
13.96403464
14.61590009
14.06274526
9.780697509
20.47531878
34.77851553
18.55429944
21.42589481
26.11975307
15.36223414
24.13972711
16.43953634
25.66921522
14.8608379
20.72236234
18.76356167
26.40605812
22.96417207
23.13067849
16.64594513
26.72587196
16.00090049
26.11943261
16.64014671
22.80491365
18.82493346
15.21371806
23.92581085
20.88975379
47.60990333
26.90330385
20.18405454
17.19046334
24.50275451
19.14352658
23.06918466
32.59707053
19.31136058
23.80512727
14.89452982
21.13832321
17.47656998
17.67025277
20.0436105
19.7635159
17.65870171
14.003525
20.06327934
15.27879779
16.17254923
18.36746796
17.96383635
25.5069049
24.84199308
22.98895271
21.22626101
18.90173207
19.40514247
21.99331678
23.65485641
18.7389031
25.86912362
18.5371178
31.53388301
19.55051521
22.03498914
18.09033363
21.10110652
23.9313804
24.38495478
30.0152745
30.23505022
23.976364
23.84406831
19.67322827
22.60248742
19.14973701
29.89822265
16.49454509
19.47508985
23.46370661
29.06483582
17.88656469
23.96142541
15.88737332
18.55596271
22.10666079
16.13504256
22.58785402
19.10754583
21.18408504
23.88358907
29.34799761
20.53044968
29.63645408
26.90809515
23.6477
21.86074642
27.36452298
28.14279429
20.10264769
25.09758166
24.18629762
22.18860174
25.95265148
19.66063956
23.63706444
16.88439786
22.20233486
20.93488998
21.09744428
22.01179548
26.37793566
21.78754886
24.30879707
16.76762054
15.19528514
18.39282848
19.54679199
33.44934805
13.53522561
15.66126517
18.43025888
22.97819511
12.79986285
12.62902284
27.46668217
24.67266365
13.99476636
12.51378669
14.51503796
33.77090144
15.7034106
28.47962183
17.42714601
22.27847744
25.00273163
18.77013836
16.21539657
18.14145135
22.49790213
18.38487856
22.28056788
32.25351366
40.80340304
20.69433154
23.36458403
36.4094456
21.79139412
23.73952872
21.90406676
23.90692019
17.123934
21.2601818
18.85218604
17.29507921
19.8655835
18.03135751
18.58831182
20.02143917
16.90411251
30.15042364
24.32291168
21.91604514
17.34375547
24.3824524
25.31523642
25.89189023
15.65774035
17.84550262
23.63714066
18.09129497
17.16324123
14.24283228
19.10139642
24.60251796
18.57654713
13.50194572
17.14711244
13.38472587
19.22821415
28.20796545
24.16371435
32.61986746
23.0881669
17.27705828
18.86953557
29.36290561
22.19694844
19.37152687
23.14419797
17.98559571
20.1356682
23.71607563
21.32405614
26.48201751
20.10975837
20.65296429
25.91352739
19.0259253
17.07782121
17.67188545
22.15313975
19.55051519
17.14152767
24.95057629
22.64357999
19.58612979
43.66155526
17.62995369
16.30603512
15.1919587
19.61239059
26.64142853
16.92632965
25.70037408
14.06234853
13.95970112
19.03402781
24.90115233
26.67214495
19.31230657
15.48889922
17.46576659
17.16916175
16.00303674
14.16800205
17.08291767
22.41942489
11.20912503
15.24670806
21.34190917
42.2594343
21.48593903
48.46730785
16.62015734
33.82404851
33.77785934
26.34844004
27.43503497
29.2301979
14.55738175
19.97068773
12.71279488
13.39742142
20.16668975
20.26166192
22.12738253
18.78738102
23.9312431
24.59363725
22.42066094
18.93650739
18.10292234
18.93685838
18.68212429
17.88729709
16.51761675
15.87119881
17.22235468
16.70859869
22.58706058
23.24972936
32.04145905
20.68581694
16.39729935
20.13130411
21.14108514
14.89169166
29.07351827
22.90722537
22.25098067
20.26036494
19.46382876
18.94827215
26.08012545
20.78657236
18.93263162
31.09922969
19.00105307
16.73373027
20.3450677
20.36360747
22.46993234
34.33704162
27.73510364
31.80885052
56.0485699
19.4360573
24.00740088
15.97738632
22.46459167
17.04765419
24.24924115
27.33604968
15.3934999
15.84666231
24.79601773
22.88500825
15.55919762
20.95701559
12.61535079
12.23900225
13.8102848
12.3644772
22.62070672
11.54189384
12.28647307
14.12845062
12.16083029
15.94053582
14.65487165
23.79398817
13.81791426
15.07577647
14.81173438
12.9890747
13.72153829
20.03967372
17.88120876
14.95886188
17.93096845
11.4759138
12.42484187
11.19275213
24.2542614
21.7848176
19.37972097
15.98359675
20.70101501
14.65507005
15.03118964
17.73859788
17.45487167
14.09662029
15.76958896
14.01290931
15.65435284
14.80700409
10.78655695
14.39072271
13.24274069
13.91357305
18.73917784
19.97714231
12.43736952
19.11790676
16.79337779
11.98315422
24.831144
22.76751378
15.6360115
21.26359991
15.28122397
14.06627012
24.53771294
16.23315805
19.75626787
16.19987815
12.76078451
31.96598789
14.9846649
21.80563079
34.34183285
47.16284469
19.04477023
31.52249971
23.0398263
18.47489151
13.04495327
23.67260265
20.85960199
18.82684088
14.07562385
26.38468016
14.11499215
17.43311227
18.40158717
19.61902824
15.27513562
16.34117667
21.81742607
26.81438953
23.8641034
30.93881156
28.12265226
21.44150481
24.16340914
23.3693296
21.24080288
20.46785712
20.24116912
15.83978043
25.0834824
20.67901148
15.89932119
18.94163445
19.90313597
25.68862458
21.63306652
22.17717277
25.63758322
33.45290333
20.86762821
23.21226848
20.44539585
27.57135908
20.17149636
20.33096839
27.31578569
24.12687897
35.23767478
25.14761599
22.07327412
19.96192897
20.39205031
21.71737268
19.05719106
28.53250958
17.97334272
18.67644788
25.60199915
16.90724059
17.47806536
14.22894656
22.11483965
19.93946768
22.1759978
15.70739315
13.81074253
17.84304592
15.3391472
15.57799671
12.79922196
21.77552487
23.01817373
22.69324822
12.90879701
21.29562866
16.62012685
26.43715611
23.11053657
19.96803255
19.5415734
37.46540051
21.41303146
31.75034737
17.88830416
21.67446424
25.9039143
19.56466027
21.60422699
20.19450698
16.80257898
24.68860939
21.05273543
25.81382492
25.38574827
27.91543476
22.48572547
19.3126576
21.61734974
