29.00967443
33.72568884
31.43421098
31.96839883
26.78202506
27.33188395
28.12486477
28.32219449
24.65326945
16.69810041
49.80285376
27.08973851
27.92385772
45.91615198
20.6878006
26.15512346
18.70641662
34.19823013
22.72065326
23.93644637
28.68635103
18.54096302
17.489769
23.77186261
27.30205255
27.60831637
23.73789599
51.97883601
22.00325033
27.62180535
21.98951722
26.997986
28.22104244
20.74959963
25.25328474
19.36255453
24.71560261
23.42183587
21.33395915
27.38431393
27.08358914
17.58768616
25.91087228
22.20505097
25.46985601
36.22873294
28.46309629
36.2611431
27.44158107
32.80151088
39.30193048
26.79966448
32.31155894
34.64441923
88.08450479
37.33478313
30.50515012
35.07219066
47.79821494
36.55249886
39.17227461
71.59011252
48.77720327
27.6763411
28.49254619
24.52655852
51.66088375
34.75902979
27.48871613
31.72370511
29.96847509
32.66782661
30.11226084
28.75944171
35.39623123
48.27252639
29.21525925
33.09684927
26.02645934
28.57842396
28.90295283
25.76467557
18.57595194
32.93785023
32.77067238
50.61411502
34.63076241
32.88070523
31.00262476
61.27603598
23.58504636
31.77170998
37.65648911
30.16958903
62.96697982
32.17834766
29.99888633
32.87704306
29.29335492
32.21660206
24.6429238
30.87112248
24.09678817
25.78107904
32.48455046
35.6809341
23.92951873
20.23761365
24.43550792
25.62514705
26.9474024
28.50881229
40.4116735
33.97463986
25.53478318
20.79101264
25.00264002
24.47933186
44.58060612
37.00448637
29.15600843
34.12452907
35.67226696
37.29437723
27.38680114
38.00224334
32.34300782
58.2056157
33.82935856
34.80759921
27.74151236
30.88896035
31.09971793
27.33063268
22.27425058
27.43320382
38.25651968
31.06274533
20.29640669
31.38997505
39.75523031
20.93962024
25.53336409
27.73495103
22.57729475
26.75602371
27.81049846
22.72233178
30.62825997
34.52236237
31.57213726
28.37421244
32.48886879
26.70037406
28.68125454
30.4353401
41.25352887
30.72858798
24.49962636
33.27837054
35.32599402
31.17566207
41.58489389
31.36229517
44.81142921
34.5689939
24.81242105
24.62905338
30.40500517
26.05586347
23.52800814
23.8849014
24.0954454
19.60375391
48.42804639
33.98400883
23.16714753
34.42706973
30.13366932
29.30051146
32.80961342
27.79301163
38.46474431
52.41719728
33.94717346
28.24075711
32.34346553
30.73418803
20.11210823
28.26582763
23.32509365
18.33655317
33.16464505
22.98402398
46.25076701
19.9546504
53.54508311
23.18657227
22.58674013
18.76774265
31.26335571
25.28033898
36.80903361
22.44243554
29.94976751
22.48029319
29.49367536
30.97242718
40.17062665
34.43942957
25.69608625
29.52033288
39.21016274
43.55649681
27.9282828
17.12391865
22.70403619
24.36765109
16.99417118
35.45191147
30.41214643
20.05601607
47.2770584
27.71335951
41.09832951
29.47414382
26.02722233
24.75507768
33.3443201
18.70753052
35.14357243
24.71445809
22.77518901
25.18551939
26.85853382
29.22159177
18.5918061
26.27760761
22.03845293
63.32434605
50.36525548
28.57294601
30.32251493
27.61762438
32.21892141
29.91773882
41.35811413
59.41336725
65.7801636
46.53917783
47.06060914
58.77407509
41.09471299
44.22644407
28.78428337
61.79299646
23.83558419
32.35869403
22.64440398
19.9854278
31.16429412
42.67499843
35.37582991
23.74883667
28.90164054
57.85554321
41.36284454
26.30536373
29.26132617
36.87792809
30.71734209
30.20733983
33.83659139
34.50789675
22.14328239
30.50243401
28.64179469
21.79693309
25.25383402
31.41397746
30.02043203
28.40982701
37.19375932
33.60149555
31.05658067
35.7485926
21.2078891
38.32872537
26.13218909
27.878752
34.35965541
26.85409348
34.47890462
38.63732379
48.02160703
35.65618399
27.18744199
40.96078454
43.88372648
50.94999644
38.73453903
55.59218766
23.6704053
43.86558357
25.10495173
46.82795482
44.14586128
38.68755651
40.88552708
28.77216777
41.40137354
27.9801635
37.50476873
35.35774804
28.20299102
32.40201452
38.96984846
30.74100886
24.25226236
35.02316347
30.88531346
23.32149254
38.08043059
29.99041759
23.44106225
22.76263092
18.92361353
26.41121565
32.67687521
24.01846363
38.89387386
32.55634421
25.7649808
30.71306962
37.5349816
19.31172677
20.47893515
21.04235927
23.86494266
26.20900307
35.32915269
34.94775346
40.45407829
37.12385775
19.66440857
29.23353957
19.5300681
33.58751835
23.99420181
24.42304134
40.41284837
48.61904356
27.06991705
37.06900157
24.28433684
33.7539943
27.90573003
30.64022299
41.33022072
27.67528823
25.28874668
36.52945779
30.14454895
26.3409631
31.02102715
28.60959814
24.81310774
29.33942192
34.92884744
31.29997736
21.0555583
31.61554918
47.7200735
31.90272397
34.72085167
30.70516542
28.43762896
20.44335109
33.74703616
34.9883729
39.1277488
30.76272239
32.91924947
30.47560872
21.01985221
31.87200753
24.43474506
30.49718489
26.1188985
23.13061746
37.72068387
26.92506317
26.32733678
24.37419724
34.17257982
33.25571097
22.52150782
26.04493805
30.00241115
28.55344497
22.48845676
22.5835205
25.58669435
39.8977343
32.30376157
35.58860178
30.07274002
34.00636328
39.03141861
39.10400579
37.20346407
46.32567363
33.8413064
31.34674625
41.60387609
36.27853842
24.88259729
27.07237379
30.66939828
31.93261639
31.78200985
39.01585441
28.21811271
41.4900285
27.81985221
27.18098748
32.02945019
29.34781439
33.41341293
46.86030399
30.33418808
49.77503659
28.86929145
29.85162147
30.33748401
25.41368758
34.54215331
26.35996054
28.57323592
27.32767248
31.41649521
27.60706519
35.18873912
31.40416595
22.53287575
28.99034121
21.25107215
43.28818209
30.01838733
23.77740158
22.57763046
23.17679121
31.77319011
32.74000178
23.36313439
37.93543931
23.07481515
35.99102793
31.45760302
26.99165352
34.46916945
34.42494881
25.88917395
36.81890618
19.16719328
35.7083851
29.10179316
26.55002694
27.27812648
26.95828202
30.24499905
26.60042744
17.65786238
34.77160321
34.40697367
31.34230588
17.91126896
35.56968057
26.91857809
27.32268271
26.03810193
48.17621149
27.83227305
35.04155062
55.7101705
22.58454283
25.312093
28.40534091
24.49607102
25.74483887
24.81651048
24.60608859
24.52982394
26.04959203
18.74552549
21.40424222
20.86071586
30.90553165
51.70202223
19.26007499
25.55677143
28.84448026
30.27235851
23.51699114
21.99189768
24.88131561
34.02821417
18.16690337
20.91793715
24.14296206
23.92735202
24.67617325
33.35135443
28.87109197
31.33499684
27.78225401
33.87258747
54.87887425
35.75344493
29.6434579
22.90797302
35.49965687
32.90397519
29.33397443
28.97111489
36.64023827
33.6737623
47.94247375
35.97129801
33.52217921
30.51448866
47.93302846
29.50161006
35.37935474
38.01860101
29.7599453
48.55962487
31.65841175
36.8076908
31.25951039
31.1965822
37.13849117
29.07409804
34.34139032
36.60598181
27.6633862
28.61905873
23.14456419
30.08744965
21.03779678
20.87516613
42.20946096
29.59871851
30.74976751
37.33672109
31.00210596
20.16630827
28.55751912
36.53682784
21.65009559
20.33035799
29.94511354
18.43889543
26.4575878
27.81142926
27.76710176
28.38440551
18.44249656
29.32842025
21.61399274
31.44873754
33.31339005
29.56208157
18.28139183
27.35124766
23.45075173
27.02902289
29.07547137
28.5858093
20.07653942
23.49008949
40.59812337
27.96873448
33.4279395
32.66381342
35.83018261
43.7082783
58.67568504
31.30946845
35.18252872
29.54123777
29.92236239
36.30899543
24.59832166
31.83671345
31.78431397
23.65290325
27.54918767
33.07159552
22.19192817
33.716686
46.73484421
28.43041141
30.72445276
30.64550264
37.37894278
26.90962101
38.3555965
32.31364949
25.74683779
24.50324276
28.73060222
26.83187631
39.40332672
22.70374626
29.23941431
33.31920375
45.23338702
42.58213195
29.66656004
28.79932884
24.16415679
40.68458101
23.62900761
53.36180693
45.91097913
49.58257447
58.86500362
67.22912977
34.9828949
32.96078457
36.78280337
31.17142009
35.35434522
26.5661252
31.57904959
28.62099663
26.41490825
39.40679046
27.24440397
23.68415376
31.12803871
25.44927162
27.99327102
43.7759673
25.2546733
28.34673098
37.30571474
35.82471988
26.8760054
36.43163219
27.95527601
23.65195719
23.99467482
26.80878941
27.81698349
28.18617558
25.15787005
23.22891608
25.60300623
23.06938298
23.17413615
23.78770148
21.85387982
29.2050815
16.64676907
28.25571093
22.13356243
22.43439407
26.40036648
23.1970705
30.68526761
38.58443603
27.54682253
32.44127586
53.57845458
28.96960421
39.56321077
24.95864831
36.29951959
33.01864672
31.07617328
36.15938072
19.4154881
39.76968058
30.5931184
23.07855367
29.74657841
41.70052671
27.07606646
26.85780139
31.10232727
34.63581316
29.96835302
47.46919996
19.19958824
31.25209457
35.23497399
25.6274512
24.2009768
30.67336561
23.42612368
30.59623127
34.79098219
37.18489379
34.69462145
24.73760607
28.88072044
24.042756
26.17563158
28.69613204
28.92985452
26.73473738
31.5016711
27.3666135
31.81779227
24.24049769
18.77012302
29.4839554
30.43508075
29.51903586
23.24010091
29.65574139
20.84213038
22.02891608
31.2941942
31.54515934
26.32524627
18.88467249
22.09404159
19.65261335
16.52031759
21.98773201
16.90344113
25.05867115
20.08560331
18.35686295
22.03154064
22.8067905
17.75355172
26.6838638
14.20810274
36.75037789
18.41966908
23.2599224
17.75198004
30.52488004
35.01997424
29.51845603
25.84603667
39.00257897
29.30806459
35.48076622
26.43566053
25.7357903
24.1995882
26.70263241
25.85548205
30.45906797
24.74460997
25.02623055
28.65861018
31.85163682
15.24113851
40.33696523
35.5848633
34.83706439
17.50148791
42.54293151
34.33666002
17.66971865
34.80994907
41.13254009
41.91941746
39.5514308
18.85687055
37.7566494
35.86668219
27.66198238
28.61087992
21.93786541
35.34361819
35.14395391
33.60238065
31.68058314
26.5744261
27.3456781
32.74180233
30.57473124
36.67460158
31.84187098
37.90034355
33.50029776
27.49808519
47.34828744
21.95779374
21.77425822
45.85906803
22.97528062
41.15594749
20.87267892
22.79049383
20.05624498
32.39987809
29.22916017
26.5093464
26.17508224
25.2673993
22.32188925
25.79958821
17.90572992
30.47685993
21.61911974
26.21817366
28.34004752
22.84144373
21.50484494
21.92396451
29.51079599
20.62339226
22.29663558
21.89593366
19.62732905
19.53620221
21.07190069
23.81237528
15.48128497
22.82453673
48.25949526
20.80332661
24.32095849
19.14917242
20.22294977
23.18922735
20.27252629
24.06422539
20.39238591
30.08976914
18.0681165
18.36180687
21.89439253
19.99855059
19.14828737
22.19061592
20.1109485
23.26379814
22.73176191
19.70328854
19.29639145
22.25806081
23.02348382
30.50028258
26.85418504
27.89915333
31.69007428
32.05418498
37.97555529
30.79964923
31.70049614
36.30699647
26.84863073
31.49251565
55.54450321
43.23584361
26.56276819
40.44100134
27.29150859
37.85780152
20.88914339
25.80073263
38.73365402
30.88590847
31.87008494
23.05879315
24.5586635
21.95971633
33.26500367
41.77772208
28.57982776
28.58300167
20.35892288
20.83361581
26.99740621
25.16235618
36.51989037
25.98773194
34.70772896
28.96464509
28.25241493
33.85708425
31.89146283
30.84443444
24.7527735
20.45552779
18.0215917
28.66927623
25.98077385
25.36229515
28.75367391
20.81001016
25.33168558
28.30414306
34.05595509
40.71163522
53.07887423
67.23910929
24.46117362
28.97065713
45.90475342
53.39272173
33.40355559
37.02813791
39.67692098
32.6303199
27.4001833
25.74473205
45.87910304
43.15165968
33.23753745
32.08348234
88.7746246
52.35051525
27.78527526
41.6614636
36.63987205
23.12420863
21.48462673
40.13714834
33.40396755
40.86240962
31.14747869
24.16235621
29.26669737
34.49677294
23.09109655
27.64640286
31.08543552
28.63797992
43.94952346
39.09539975
31.70705745
38.25806091
39.66259277
30.20366242
33.83060986
36.62871773
24.15710713
29.47507459
22.73910142
35.94992012
30.86779609
18.95066778
21.40222804
30.78385615
36.8648358
21.59234018
19.63987202
29.79339302
16.9950715
38.56011317
26.60997961
29.27389967
36.48604591
31.53527142
34.16376006
34.99984769
53.77036726
25.86590393
28.88217007
33.65035501
36.5078357
47.61893681
45.08206331
34.7850464
29.64098596
24.93301309
23.1586635
29.64637236
41.38677064
52.16827687
25.95545916
65.64573167
28.68130033
40.36133396
41.19859643
26.9556575
32.19008182
41.39006666
36.90157953
22.18849486
26.96307339
28.51013987
26.87960657
32.86727725
35.30963636
31.77593678
38.71700644
36.02638307
19.7090869
39.60241126
36.47243484
30.64730318
48.47187036
25.78187254
42.71783042
29.73191449
22.51062811
32.75767166
36.40114474
26.69207314
24.90823247
27.74670047
36.32077547
29.40073268
29.67048166
30.50649297
27.49019633
24.65821341
24.32184351
27.35257517
24.69419411
28.44515169
27.983551
28.74740238
25.39752825
30.98959358
28.90902596
25.59264537
22.72291164
25.43517227
34.20453226
22.57465495
31.78088068
28.7690245
23.68635101
23.54395383
24.91496174
28.21332137
39.03219684
22.13017491
17.15631361
24.57085543
21.91021612
17.88464197
25.95947226
21.19626176
21.18048392
27.74668523
29.24963784
21.64170315
22.25755725
20.84879855
18.2229803
20.16652186
18.26680417
24.66018176
33.12266759
19.44289332
20.71610613
24.55161385
26.76736117
19.12501738
19.67673784
29.71807455
31.82995368
33.84820351
21.22845828
30.10374632
19.44724215
28.51549577
26.48474881
23.58100274
22.98745731
25.54790591
23.42673399
24.9339592
23.46045646
24.31592304
31.39867267
25.54097828
31.23517231
42.53653811
26.57376998
45.4410319
33.42229363
62.98217787
49.04577729
32.18710635
31.79906945
35.68058315
37.87254161
42.26425603
31.88940286
33.19005132
38.0401162
39.5261618
26.44771518
28.77984305
35.46828437
31.63944481
28.61216166
32.26865051
73.22548283
26.5934083
26.95777854
23.59763506
34.32648225
32.42348385
33.3232626
35.98788456
25.55333808
38.67298419
30.14731084
26.33850634
28.04733375
33.05249129
26.07725663
25.52088218
27.54741763
24.37248818
24.63440932
21.32303373
37.17811877
21.06674316
19.85886949
23.94093252
20.62255303
24.24766941
24.89553701
27.22848889
18.48593899
28.54793655
22.10762215
30.00909465
33.19168405
21.28456564
27.44599098
26.07890461
27.10189996
24.81773117
29.51239816
26.46344725
40.02197322
25.94171076
34.56318017
34.17727951
35.35065254
32.6941178
25.80071745
28.29658981
31.48534395
24.00271627
33.65413924
27.67974385
38.26996289
29.30666078
31.05200298
26.55809889
29.50328852
30.58469539
29.17837825
23.70608098
36.76864301
30.22972484
28.41562547
24.81091041
23.18773193
23.51187936
21.76429412
32.23401264
32.85619923
25.26297417
19.41135295
25.74160397
20.12072958
22.22081354
24.34489993
22.50399043
20.4245825
33.01251268
20.10005359
28.32948828
29.1599605
37.19548352
25.66216546
28.26897102
25.71499219
23.66251643
23.83048772
27.51789142
17.72045488
25.56427884
24.14326717
42.63340238
30.05566513
23.96461457
81.39012781
26.34955388
21.7594417
21.45403239
21.87510514
49.00027501
19.56130331
23.64562471
32.85255228
23.19917621
22.11767777
21.57358687
24.84556364
20.5761656
26.53948293
19.15469616
18.97108435
36.21567132
26.56482817
24.98768619
16.52315575
21.67156504
16.42330071
16.33121251
23.17235087
21.17216776
29.4343483
22.68714448
21.49797836
33.9986269
28.85403241
25.67454057
34.09150864
21.89214945
28.92045497
27.94743291
33.10089287
28.09886344
39.70052672
32.36522495
32.30301385
27.82642886
32.34450321
26.12825225
40.41522872
35.54195502
43.77444142
44.93473742
29.097307
20.75146126
25.98437496
34.09385847
34.86384399
35.24712014
31.19217238
48.02346867
33.33847594
31.3904176
41.49851252
34.10634038
41.63512656
27.47402175
28.40744662
27.91396986
37.16397364
36.60160252
25.89924488
32.17663868
22.6062564
28.29022688
37.8319527
23.99162301
26.00959807
23.5338676
21.62330072
39.72086698
25.52962556
23.86256219
25.2738844
22.93107523
22.59496474
26.99485795
20.65455124
19.57785938
25.94226003
19.55454355
24.81170386
29.95959433
29.32356776
37.09172223
23.55727497
33.78341367
39.90699654
37.94580021
31.4675367
25.8286414
25.64174891
32.30542482
30.90147269
40.88621374
44.3091481
23.75831254
22.65038552
21.13150248
26.91566367
14.64486171
30.75013374
44.53466115
30.76372945
14.18663328
25.43881925
26.50962102
13.77206091
14.50754575
22.86321835
31.23712545
31.52887791
20.47493725
20.75434517
30.73330295
17.88162066
19.49149331
33.42716128
20.89573529
32.49684921
27.19578873
20.59559037
23.32364405
23.79478164
20.50379204
21.53427958
27.7117268
18.50316645
26.19569722
21.0964067
21.87010017
20.19485793
26.45392563
21.32344572
27.87132092
18.04049767
21.18843394
23.50292229
18.4134739
25.66150935
22.56002157
17.27338082
30.37509758
19.94802798
17.7210195
31.30478398
23.49539961
14.4124668
18.22575745
16.64866119
17.33870472
20.21570176
17.85667219
24.80910991
33.82113402
20.68303978
25.22203432
17.46306575
18.74731082
18.27980488
12.69588786
21.77172528
14.42934328
12.07408272
18.1912568
20.2503855
23.02304134
24.53600389
23.47904196
15.52964082
29.26132625
20.19540722
16.52736723
25.1248343
27.98597717
28.4063785
16.88863983
18.70959049
26.09262251
26.3344017
25.12364408
19.51995136
18.55162915
17.46576655
19.98603823
16.72571923
21.68018633
32.68206325
22.93435589
26.79588025
21.81355023
30.95419265
22.5909058
38.41908931
28.52996136
20.2265509
23.96192896
31.75951802
16.89091343
34.61786854
21.6771193
23.33804854
33.37807306
27.02009634
30.57390727
41.20975084
21.14677673
26.75767168
22.82848881
18.82534542
16.9801482
18.54049002
21.00825535
28.20805695
24.05127053
18.49063872
17.56012835
24.08148341
19.6023806
16.65688581
29.20477625
16.05557354
24.07565443
32.23036571
20.16299711
28.87182438
19.42661192
21.62987737
24.15771748
19.94529661
43.66651443
19.45864062
23.08188015
24.39566664
20.01791429
27.19623131
18.49440773
18.03202886
22.92652804
18.34772278
21.68632053
52.44249677
22.16139491
30.6188604
16.96627774
21.45612293
27.07757712
22.18928836
21.64580775
22.16598785
32.63437875
42.3044177
28.24055869
25.57329693
28.51029243
34.38391716
24.42841253
25.37920213
31.63714063
31.18626708
31.42255308
26.65502423
68.93133477
24.62285824
26.04722688
26.17793569
26.33481365
28.09399582
21.55239203
52.83631684
29.51100961
23.16063192
19.03462288
34.07084787
38.87356402
27.08410796
28.06466796
39.04057403
38.07811117
29.22980112
31.09507915
26.67603594
35.82435375
40.98999031
24.44606723
36.3863892
30.01828059
31.91398511
24.77206098
31.55114082
36.15211748
57.5355768
25.7215383
33.61644947
30.02467411
34.52665007
33.68607636
38.26628543
30.3874726
31.35091194
42.09716984
28.72822181
28.61165815
35.63039624
26.28892978
31.70595889
22.90812562
22.48644254
22.16809359
28.51329847
30.80700413
52.29616278
42.20869799
27.65381881
30.15281935
30.7130696
46.85352889
31.59247753
34.25624497
38.56232566
26.6033114
22.42798526
32.91560264
26.64100124
23.46218069
29.56772737
25.1266501
25.58052974
32.65012613
22.91773881
27.35449779
29.52271328
34.21498458
27.15181224
32.10225093
36.58481752
22.40881994
22.52791662
33.61254312
23.8991686
24.4283362
31.30373117
43.61872305
31.0069736
27.20099207
20.53453898
26.20668361
24.46102106
23.60555449
30.47811115
21.81561016
22.40979651
33.65757257
32.55973167
33.73493575
33.95425367
43.27217549
55.24783732
28.81570177
36.40743138
35.99450699
36.58674011
44.08073573
38.50482966
28.15748858
36.18358151
34.11323736
44.23692703
35.12402553
33.66747563
29.2894944
27.52132473
21.12643644
16.81794477
22.53298254
40.64684547
31.22157651
34.69225631
20.8288245
28.34638001
25.85659592
36.19325583
33.9984896
32.72973243
24.78368832
46.61620531
35.25655019
36.39258437
47.7474483
42.97294605
27.59891682
30.36978736
48.77567738
74.23798001
59.26628548
23.20271626
33.12600918
28.48816679
19.71602983
24.7394829
19.60270097
27.36527066
23.48609157
65.39653662
26.43692702
22.60474578
28.76513336
31.61944023
32.30577576
29.90344116
28.76571321
33.47644792
30.15407057
38.35074409
27.29282083
33.42368219
26.2310218
34.149737
30.16755952
33.20669891
27.32176724
30.91793715
24.10133534
25.74872989
26.92639064
17.44629605
25.42998418
25.58356623
24.96957372
32.92838965
18.68880769
22.13638536
32.93266216
17.51963093
22.94337399
14.21435888
37.2402078
23.70852236
16.89491129
22.13682783
18.84873748
30.65641279
24.84469388
24.13357768
17.67576123
34.45755727
34.59624651
24.52919829
28.75274301
23.32159931
25.91096379
16.05436807
30.47551718
17.64789825
38.25169793
29.65084329
22.95185794
18.40564604
26.1818878
23.31177255
19.91458017
21.66634639
41.27768403
24.54842469
20.06524776
18.38542783
18.99108894
22.33460004
20.23131172
24.42710026
31.19617019
15.5672696
30.41702936
16.59932876
18.02397214
27.99713157
18.74316035
16.41829576
27.7036853
30.92771821
21.9098652
21.722225
32.95484877
19.44466337
32.73160928
30.52416292
22.78490902
14.85679425
16.7165944
20.85741989
19.53501205
23.2746321
24.46486632
24.70562317
12.95048462
25.20404388
19.22912967
16.73571392
25.50629459
32.7370873
29.55356704
25.67304513
35.34930986
21.36118127
21.30438723
43.40740098
26.38637388
30.45197248
25.86741459
27.71415296
28.36090662
31.4617993
26.99877948
23.72468167
25.38210137
24.51871542
23.89242411
27.65621443
28.40051905
30.73925409
21.48603056
26.29100503
25.45421553
26.13884206
28.07176341
27.93974235
28.73388291
23.68136132
15.13019014
15.91242865
15.87702771
16.45098055
24.51143686
29.38854078
16.76842927
22.62562008
21.65934252
31.27347242
29.70820189
28.5126576
20.35529126
24.08769378
23.2282141
18.83204412
18.45233863
22.07553236
25.79307264
24.25505477
41.84106224
26.60149556
28.89395002
23.86425595
16.39885571
41.47939292
23.08558799
21.7181813
23.92222497
17.55458934
24.3324943
21.3091175
27.43793415
22.15703084
20.75355178
31.23749164
29.35198012
43.83007577
39.53958982
32.15925868
21.43955161
36.57172539
25.99990864
22.79716202
40.44843242
21.00096154
35.26057862
31.80434909
26.04275603
34.52655857
19.71763199
33.56664402
26.13962027
26.39742147
32.55985376
18.80535612
31.10843085
26.33902517
31.39806232
23.63500441
27.25581776
23.04831029
37.26474424
32.06843694
28.37267131
48.90583686
22.74787538
22.30554688
28.61843309
23.00198389
30.65516158
27.3812316
22.56862765
27.02098136
24.41499978
36.99755877
44.23588953
38.66175351
34.42044734
23.53789595
24.32842014
22.95553538
21.23859028
20.77633349
24.94213804
55.02961814
24.84174891
21.58890691
26.71290168
50.5495235
29.66800967
32.32491064
21.61678514
21.33163977
20.79057013
24.19485792
39.07968295
32.91392413
26.29210369
30.24808142
39.13072427
25.18320004
27.04399199
36.83450098
26.48749545
32.61295515
27.66228756
60.23436366
54.91607579
37.85362058
26.91563312
26.83794943
23.31223037
22.45815233
30.69974847
27.81380963
68.43042688
41.94618171
33.9952699
22.13325724
23.10046559
24.09951956
26.39176034
48.41507626
33.34792117
26.89335491
25.65003455
25.49198166
19.07989646
33.94445745
22.3001604
35.86359986
20.951446
28.66164669
18.43714064
22.45316269
23.87501367
34.14596804
23.5384606
17.81788375
19.40326562
22.12091272
17.58936464
19.28664094
42.75106457
29.99114995
28.78146052
46.4595715
57.30441781
32.26590395
32.74375548
50.14702107
32.46536988
29.77480759
45.00798066
35.02272094
35.92356776
37.11648758
41.81664788
27.07797382
43.35069835
32.775891
37.55881617
38.23660662
22.21449631
34.43146437
44.63584373
35.92159938
28.60032067
31.2735182
28.17837819
28.56319547
27.81052893
34.88383338
32.82114925
29.18674007
26.16804781
23.02412473
29.73498152
26.58661806
25.37883593
35.84599091
44.14409128
26.32887788
30.70321229
28.23152541
33.20465427
25.50409724
32.41225319
23.02563537
22.88000331
22.30600466
27.86817751
20.51773885
35.52866429
33.62911444
30.05906788
31.2771193
23.91529738
24.23271558
30.56359218
18.66161615
24.07315198
27.28041526
26.57659289
25.35347547
23.37467025
28.53136516
27.29019628
29.41326025
20.71416821
27.87797386
22.80523404
26.92782506
31.30017566
35.9466547
74.4841233
37.36939065
23.58007197
22.40422694
38.28040003
23.8987413
51.73823172
31.14454896
27.59874902
66.01797544
31.09639141
25.61171914
38.28551185
25.32835908
38.3768981
27.9768523
34.69933645
27.46366085
29.26707892
34.0696729
24.74058161
25.03740007
27.76363795
33.59795552
31.61547295
32.05944939
20.42319393
28.30727115
28.85508527
30.70740855
25.50330378
22.71921896
24.40599705
25.57604359
35.0929887
34.90466191
49.23529438
23.88671726
34.63888019
38.49556754
35.49105086
58.03880395
45.74305368
35.78425296
30.25712999
21.96234099
26.20506626
23.79676527
23.27563921
27.28491669
25.15162916
26.58849494
23.20515778
78.68946405
30.88682406
26.27270944
65.17228996
17.80793489
15.74793639
20.89816148
22.56580475
16.08456564
25.63956686
24.10592834
18.10157951
21.03068609
13.49245457
25.73855219
21.15298719
18.36984838
24.36418736
28.62183588
19.79664324
17.56351583
25.48673248
28.07022228
33.55246847
39.34602907
28.49967213
27.48870092
22.68867038
20.7266348
32.92123321
32.23427201
28.02832097
26.58321529
33.74074942
29.8776839
26.01991324
25.36784945
31.81081886
33.18252865
31.29494191
29.2261389
13.74573921
37.511208
27.86736884
20.99525465
29.10295288
24.28007953
21.25354416
18.75407054
40.57975148
21.99250808
23.17976676
17.61338237
19.85020241
19.93086161
19.05243024
24.64504489
24.35895344
24.22458249
19.14142084
25.64187099
37.03915496
27.66329468
20.13583595
18.9088275
20.61170386
28.6674146
19.39885578
26.95979269
21.45429178
26.16644564
51.67068001
24.34482357
22.19021919
27.79313364
24.50028249
19.8616924
26.1991915
22.75027105
21.09875655
27.80447113
23.49787153
23.50905646
26.60082423
47.32043977
28.5727934
21.78022452
27.45430709
36.29892447
40.47083272
23.92393394
52.77137445
18.41258892
21.25058384
25.82464356
26.92896949
15.82954164
21.18397822
19.14282462
21.74557125
26.99829121
23.32188927
22.66800973
26.34270265
22.98458857
17.91660961
51.46231815
35.17796619
26.42609316
24.35590167
25.09312602
15.73598859
19.08297878
42.67158032
24.29179857
26.01826527
21.82221736
22.51895955
15.96960425
28.43445518
30.93994077
14.80006122
22.11911213
21.10696595
26.0756239
18.87457106
37.60042752
19.24393095
17.56154749
43.68055266
18.92602443
30.58348994
28.11146737
38.06994755
26.55935019
55.50716442
25.46424071
22.46576666
31.08796847
27.20869794
20.45011083
37.52849645
28.76690343
26.40875891
33.79401867
21.13118206
24.54580014
25.97863756
20.53841481
28.08252105
20.57935476
42.03167796
29.33694995
38.88647309
30.97199998
17.10551628
30.7629818
21.93336407
19.10614197
28.39803183
28.33785013
26.02107296
32.61670888
20.95495558
27.14447266
28.65349845
17.56345484
35.76591159
19.09189002
22.11595353
20.77355635
19.64037556
32.16078463
26.6401162
18.12890841
22.94682253
24.0801864
22.00839269
24.8813156
22.63831564
17.76545379
17.9766539
56.73514943
28.03953635
17.43509593
31.60758399
21.49962635
35.29272931
21.31110114
17.95135441
15.20773651
47.37482289
23.3828033
28.67777544
19.03083871
29.35783964
16.92413232
26.92799283
21.67847735
43.77372418
15.57976672
17.40482207
28.54305348
31.64295434
37.30505859
48.17579938
41.87219072
50.48653421
31.38536683
31.61510664
29.58866276
38.98490905
35.30969732
23.29137125
24.2763411
26.86715515
22.02882453
32.7682615
39.43195272
20.74015432
31.45987661
44.21742605
47.23747646
30.76559112
32.96867347
33.76897866
29.31107067
28.03074716
18.65020237
20.78854067
32.83408891
30.58077392
34.78484803
23.00451689
28.9633481
34.00622589
33.80747713
28.42880925
28.72874064
31.57286971
24.94357237
25.09604048
26.25389508
25.41713609
22.12091271
25.35329234
20.65781664
28.45684007
24.83163216
6.543068747
22.54355711
21.20292995
22.49065408
21.72133993
23.99111944
31.04019246
43.10765267
25.52271326
24.76131858
29.29517078
16.22331595
17.62142385
23.49333963
29.81269579
23.53099891
30.9109791
21.53748399
22.51831865
26.86060907
20.79176034
17.06796386
20.56098287
27.30223569
21.32657378
20.2213628
17.56958897
15.85665694
19.22340753
24.76759005
23.50200676
24.70611151
26.07568499
25.18954779
20.73080052
26.58156732
23.76124227
15.4316321
20.13061744
22.69895498
26.4822616
21.89005897
24.77438028
19.96385158
23.59377455
43.03791899
25.00772128
14.51792187
22.08456573
23.20393703
38.22502509
15.11609084
18.19165352
46.86956627
29.61532028
15.74985903
21.2299842
40.55303313
23.61802112
27.73470687
21.46396602
26.3596706
18.38962407
19.2295722
18.4889908
15.20357081
14.13435586
25.88317713
15.98489376
16.56562162
14.4867172
21.74665466
20.14239738
22.14343501
18.60106832
19.40834688
21.0096744
14.75562692
38.85809135
39.24763886
37.12588721
22.3362938
49.03805628
28.44330534
37.03769006
24.27260265
28.68935702
33.24602146
25.31593832
32.33937615
26.7011065
26.96356174
23.79409497
24.10098442
27.7605862
34.68491665
24.49886343
28.08564915
38.89617789
27.21457258
23.26436277
18.38069755
23.77760001
32.70331906
28.97305274
18.47907247
18.54259576
22.53470687
25.21048319
34.02311765
24.56275298
19.73145666
30.79322517
30.3181661
22.74610534
32.95080516
20.12329309
28.17596725
20.1224996
22.67862991
38.23524856
35.86279111
35.21181066
33.98591619
76.01783816
46.43044205
51.85885439
28.37705067
43.53501207
19.77323587
33.01403848
28.08172758
41.60700426
30.39348461
33.24808142
21.85375774
29.01916557
35.08993694
25.90896491
24.27597488
24.82029474
25.52623811
38.00968985
23.08485564
26.62337703
23.57622667
22.48488617
26.69294296
32.91897485
36.96229522
34.57358689
31.32123314
34.5689481
81.50273948
31.50333433
81.52091286
32.21316877
26.18040769
37.96481287
48.05281178
31.22110348
30.34403012
27.51859335
20.93397441
27.56993994
31.8071109
38.56165432
25.14802799
31.93566815
26.45952563
25.89073035
30.18046865
34.21498455
37.87763818
24.40941506
38.09718493
26.89620836
33.45668745
45.36578953
44.11696067
48.48448946
42.7496302
38.16788
38.30408198
37.96813941
47.7637448
24.9135579
43.76343966
28.36998575
55.40329632
20.39861162
47.32164515
70.93759092
38.24823397
35.57364788
59.7108571
51.13075488
19.80054954
20.20207545
25.32568879
31.67022226
28.37030617
44.25174358
37.97157271
22.48284145
32.56856666
33.64797461
34.23801044
47.67310618
32.19520887
38.76797162
44.41142929
44.90357852
38.98385618
45.94009333
40.10858345
34.93980339
39.00593602
22.52935097
47.79557505
57.68603057
44.92105005
30.08224633
39.69578112
35.27003915
47.88418429
32.29431623
22.60079366
42.85992241
28.95265151
33.95834313
42.00512725
33.93214337
46.25290331
26.43817831
35.51612142
21.65934254
28.65291852
35.28064413
47.53420333
35.64725743
48.33252484
35.65137734
19.00222801
78.06720108
24.4094303
17.99412546
28.5579769
29.14753969
30.33658377
32.58446651
28.34956913
37.25470379
32.05786243
20.37480755
38.66117364
30.31931054
27.59256909
23.24177938
28.10034356
21.08323821
27.95922815
23.56148641
23.45557357
21.36308865
30.71197092
24.14914189
35.29298869
37.91601462
37.78504654
25.84461756
24.65427658
44.84388525
22.51557205
25.94537296
25.33202127
32.72169098
26.30630984
18.92027183
24.65441386
23.72997656
23.36936013
32.43688131
30.99627707
30.54143613
25.00190761
29.59182146
31.93966616
39.71190988
31.14396915
38.15921291
44.12982399
26.18179631
27.68641205
26.22768011
34.42188166
33.15713765
31.72417818
26.91862385
38.92253018
24.53221965
31.8407876
26.49219524
24.7642788
22.99633805
40.87455581
31.25301001
29.0964983
34.75982327
21.56060143
22.16574371
34.80944566
31.31447344
24.50147273
27.76816989
26.3234304
38.05061437
28.95155285
34.87707354
31.2048221
28.21940971
26.87219067
30.61434371
23.12112631
25.10600464
30.72916782
33.88110191
27.43306658
30.27963703
31.27167185
23.65059912
28.90286132
31.75864829
20.20337243
28.96588105
24.64577725
35.56710173
18.91786088
36.38034659
21.97283912
24.85268961
22.74718872
26.59417126
22.56812411
18.92074483
19.87356396
25.59101265
19.89883289
26.31932575
26.91786091
25.16368373
32.38626714
50.13968141
55.57022996
31.91468705
21.6906693
28.28833472
34.50548584
28.37660816
19.73780444
23.2040744
35.23155597
32.36757482
25.07431166
24.23445511
23.15805319
33.59066178
58.64914965
24.24594518
42.31497706
26.30493658
28.28706821
25.23787314
28.14207702
20.44534997
28.28314664
41.89076095
30.7233389
42.48963172
27.03076238
39.71503802
22.84951572
33.76182215
28.46764358
27.50286129
49.917098
26.23099131
20.70009937
22.34926397
25.97749316
24.8312354
28.83955163
20.47258739
24.47512038
22.49794785
23.07272472
19.85566512
16.02090503
23.17270182
16.58738097
26.17827136
18.4150608
16.57993456
19.05906786
15.62481133
16.11261173
18.1993135
55.1663543
17.52835909
28.28146816
16.0490732
39.44135229
20.71313062
18.21777698
17.13945239
18.40802648
19.50795779
15.95426891
22.94137511
41.02688663
21.61416062
24.1345543
18.84377832
28.52646706
61.81442003
26.98655704
23.91299325
42.68117836
23.1351036
28.40842318
28.20181611
27.94207698
18.92703156
34.68226163
31.75452838
29.11201668
25.99414075
29.65612295
32.0674909
19.04109277
21.00158716
30.54221431
24.35986898
19.16006734
25.36736126
28.20895736
17.61104768
31.82681031
48.6245368
25.85856435
26.92745885
18.71261177
22.86706363
31.78114009
20.79270639
29.32991548
18.30762206
26.01631213
24.85615341
21.28293301
27.91276436
26.0569316
21.54374015
18.98957825
19.89060828
31.83865131
22.88748018
67.33763674
22.8316016
20.24037557
21.06428641
18.3132069
28.86242486
19.22920598
21.98324581
21.41937915
26.09492659
16.56479762
26.45816759
30.03164743
27.91204726
21.36614043
20.68734285
23.82879404
25.4674451
25.79571245
38.87516618
24.16145594
27.35324654
34.04498381
26.06413391
24.45046181
23.05012609
26.64391569
20.31345104
35.52057704
26.72701632
23.95500136
23.51105537
27.26645328
14.1533228
16.21995898
32.96734605
43.93124322
53.68592388
52.42124097
47.00451705
49.1502865
37.06543104
16.74760067
40.65146905
26.12043965
20.62996891
25.85616864
20.76762054
22.1877014
23.08990636
19.60144979
26.02206474
18.75254463
21.1977266
17.75629834
22.26689571
39.78483281
38.92643652
32.95939593
35.04568575
38.36702553
31.38953259
43.83021316
38.33505785
40.54338928
38.13754507
35.75303296
32.01455729
30.60982708
39.06507995
23.41869252
30.3436792
51.24960747
18.56380579
26.26713992
40.26092962
20.24570093
23.49199682
24.54482355
19.26686518
25.27205327
23.80366237
25.47614269
23.5279776
21.88921963
25.59859639
23.05810653
18.59603284
25.57698961
35.23039623
24.03714069
22.06775026
22.02572692
19.64679959
20.44277129
20.92539887
20.48871616
30.75135451
26.48308558
28.89069983
28.09353803
28.59559034
27.36281397
22.98289484
24.62580319
24.90186943
28.39374401
21.02195791
20.62761899
44.32201138
28.40494416
22.77808829
23.76498079
25.43379896
19.29515547
23.05026345
19.40016808
38.61538142
35.25038547
28.43669813
45.6553905
39.10101498
28.91940209
29.35049995
33.27351819
40.16237154
33.98751836
47.96156284
53.04690652
22.3610286
32.11262707
33.93701099
35.04219137
35.22413993
40.04119962
33.23677448
30.7119862
42.50522647
32.85223184
22.45955614
35.0027011
36.69588794
34.66901678
30.12823702
25.08517608
24.76560637
36.63975
24.92568879
22.65449017
35.40157188
30.73656845
53.51224574
34.73722464
41.58480227
33.67066475
30.88162072
42.85415454
40.32051599
32.06031913
36.42670352
34.27151931
41.41008646
37.31923419
45.66060915
38.27489144
38.97644032
39.16691871
27.52686376
31.75341446
36.8123753
25.87531877
24.87025276
32.2352943
32.45713
35.78628232
29.52602449
36.94692933
31.48616792
29.13673632
29.37077917
27.86536987
32.89639149
45.77486862
33.99842854
30.75301769
46.05609243
23.41785327
35.34569337
27.5579464
23.97669966
35.43643877
32.27174811
25.58823552
23.34584596
30.47922505
25.57358681
24.71866966
37.47586807
27.05139268
26.08374174
26.78005669
26.66327937
18.87901144
35.0972765
24.19044809
22.16990944
25.78089592
24.26713995
26.16327175
27.39716206
20.63730854
20.80427274
27.62023371
38.99745199
28.10975838
31.39575821
32.1589534
34.66009027
39.49303457
34.63253248
31.29098978
20.33044959
22.2901658
20.93789598
25.36701024
38.53838451
36.55400962
22.61112404
30.14312981
24.46686527
25.26553772
25.94460996
50.04032988
28.96101346
49.2299995
24.8001986
25.9720915
25.59534624
24.72317108
24.72898475
32.47925562
21.02520812
33.58803713
30.6385445
23.10170156
34.05355941
33.52127888
24.80845372
25.20410486
41.20058008
29.90481446
36.90611149
23.51686905
29.055009
32.29106605
23.50916323
24.53266212
26.28802952
32.81257364
23.6691541
28.26378291
24.34137504
38.12814549
33.84423614
58.56078468
25.46306575
29.43941428
28.2017855
27.47896566
26.67318246
33.03839193
30.07573074
32.31856292
25.55561171
20.76491969
24.80302151
22.03250195
19.9457086
28.72547519
22.85427652
20.63189158
24.89626943
27.2706495
22.88073572
26.54343505
28.11958519
26.62894672
29.06199764
22.08598481
22.97448713
30.72695526
35.03959743
41.15152233
32.67032908
70.46424087
24.45824389
30.22014217
42.27742452
44.9259025
35.73215862
23.29225624
32.56513333
23.43906333
23.74161918
42.78497021
22.67098516
34.15492509
27.99908471
30.78498536
52.51198636
31.69480449
22.68973855
31.31540418
29.8489817
22.33112098
28.04968359
28.01979116
22.93118205
26.57555528
46.63633196
19.27867572
30.60770598
26.72323205
24.76316492
20.53824694
30.60318936
23.58706056
22.99748246
23.15062204
22.38973092
19.55756484
20.88406218
28.90676758
28.75313977
31.60848429
21.33908615
39.44768478
24.29637628
38.46762832
45.80213666
34.94734151
24.39694852
28.14155828
30.9687499
36.03405852
37.28558827
38.8486309
25.03534011
36.51104011
26.43839188
50.26755212
55.93012934
41.24658615
45.7931491
33.79304226
38.747021
32.36720871
53.23053362
24.11551103
29.75724444
43.95689361
46.44644886
28.31938679
33.91528221
38.23930749
16.23691174
28.98669441
26.76751379
24.2520488
18.71006351
42.82395704
26.73653798
26.33972706
28.44454129
26.04779149
24.99209601
24.04490751
14.75379582
28.25243025
24.13910145
20.49745958
26.06735356
27.48874671
19.71726574
37.79610921
38.80418116
27.43886493
36.90057245
32.85784712
40.92980879
32.38193357
29.67718041
30.52613131
36.52794711
30.82217156
46.54526619
27.37479234
27.72468171
30.55912134
34.38103329
36.64643343
22.71454966
29.11369518
31.70403628
43.34457954
30.22925181
31.01643424
30.44518214
30.95433001
34.47040541
27.90415835
22.65694685
28.90902598
32.67063424
38.03659138
20.67438792
22.35049996
20.45700793
26.38159788
31.79002086
21.75626789
18.56902441
24.09271403
21.72385768
20.87226694
19.54631896
20.73609543
21.16641511
20.93014445
21.53398966
30.3626614
32.71990564
23.246586
24.33963552
19.38347468
24.4636914
45.78219302
41.19829123
30.69224103
41.76256977
21.02923653
37.66486636
29.16675085
29.56874977
29.30019097
28.53017495
28.90305969
31.81843311
28.25294906
33.71052132
27.07512039
27.1698942
23.82137812
30.05026349
34.85116372
31.32298798
27.80045797
34.97595203
27.96606415
23.64388518
27.99446119
31.50498228
26.20308251
28.76006733
28.41661729
36.40924716
32.19482746
28.47795856
21.26126522
25.31682325
24.48203268
31.63491287
27.30783573
32.28952489
26.46408808
30.06590395
20.0393837
29.24026877
26.49837517
53.64977525
21.62616943
23.40660741
28.16720856
29.21341285
45.04667762
22.72600921
23.1403222
29.2555888
24.69680353
25.45085854
24.89341589
38.68380275
36.85905264
32.96487399
27.98063649
28.68621378
21.77358684
28.31367994
24.78397824
20.16916174
36.12013451
19.26181448
37.89897027
29.07920986
23.63671342
40.78724375
31.98094175
17.88084248
26.45584825
28.7600827
26.43860558
30.57268655
24.74676146
28.40704989
39.842283
36.50009941
21.29880234
35.74535778
28.60111415
21.89411787
28.55559643
26.89623887
30.03219675
25.32077535
28.18295587
26.2788131
16.66067006
21.76797153
31.76511806
24.94792114
23.57596725
41.29485033
29.32459018
35.21902826
28.18199451
39.79621598
45.74357243
42.63807154
28.46965766
30.84274075
36.34180236
33.95890769
26.3819793
35.50333429
28.8545817
28.86808595
34.60129725
34.87727194
28.55043889
30.68296352
27.75298722
36.25738947
31.06216546
31.02395692
34.22345338
27.69359909
32.5490351
50.99893222
25.17860707
15.48169694
24.23648448
21.51085697
26.3123676
23.56688816
26.10901067
28.29111184
18.74642577
26.52147728
20.8035556
15.66321829
21.1419701
43.2536968
20.19151616
22.27728712
29.70252559
24.70278496
21.24773036
35.61181073
20.12365931
55.45827443
44.6461283
23.79165354
16.95465036
18.41947068
16.46413388
27.55443678
14.9707639
19.78855594
24.2508585
25.13922354
35.99282857
18.66356922
20.6121311
23.85778617
22.37601303
33.14454891
31.856245
36.59827599
28.74331295
24.35692399
36.39327106
25.77753895
21.68142233
27.62870247
64.58805261
33.89527757
19.89381266
22.00737032
26.81533555
50.71813569
31.61231423
26.15158336
34.06398132
25.76160855
27.14584593
36.86480528
38.27484571
28.88040004
31.48650361
29.9190511
34.22426216
20.23874286
30.31316118
39.09547594
35.20633283
31.24312224
27.77628772
35.31737264
33.29474355
44.1400629
27.8830856
29.58027032
26.48024744
25.96279874
30.66416444
24.52343044
28.49298871
35.67600544
36.09926016
20.72217919
35.37381573
30.30902598
25.32207239
27.9236441
31.80181608
33.85841179
37.21608321
23.98394774
24.26721624
44.11648765
19.28383325
39.74511353
26.96408045
18.18297111
21.85412394
24.61614424
33.55635944
23.73891837
36.5181509
36.55034737
18.88659516
27.15626786
28.26787235
29.06889473
35.97576893
25.84365626
21.40398282
22.14331293
37.37929372
28.50234244
33.13330306
31.92875585
16.08744962
31.7314262
25.00340296
28.91128426
28.98397822
57.03447048
52.21408436
25.93810959
18.32852691
24.70089284
26.00015275
26.01673931
25.90826299
25.27086308
26.20695829
25.81510666
27.76139491
26.5487604
22.07605114
19.80682096
21.77250346
32.24411406
27.5932252
19.9918214
36.37456346
20.04362576
19.81619001
27.48607642
25.74227536
30.20662266
24.38222344
34.74070369
35.18648077
41.28194116
38.90183896
39.12318636
50.37036721
39.31238297
29.0656903
35.64831026
32.55347548
50.90142701
29.70045034
46.01971491
54.814008
29.94377074
24.72709255
35.87876734
33.17222878
35.00407444
32.5959871
32.40694308
26.33681261
35.87730252
29.6272681
22.93031225
32.48551179
30.49286662
34.42101196
30.58794559
28.70771371
29.01570176
27.1263297
28.34468626
25.20460843
31.81701408
20.65592452
31.92957986
27.64243554
34.7782714
30.28094934
41.32437653
32.42311763
47.95669526
28.69483502
36.66791819
33.1809875
44.67144298
40.85134683
21.54982856
20.65835071
26.27731772
23.40393707
17.67196176
27.76987896
19.216541
22.54874516
25.61747181
19.36679658
21.98312376
33.04409875
20.851301
17.2058444
21.7737394
25.71915789
35.88128498
20.41692249
40.10014533
24.07025277
16.26627013
21.87502884
26.10614205
42.18490916
28.41763976
27.82801591
16.0561229
37.9973759
27.51201681
18.99971027
31.30666078
25.02552854
45.29660516
30.41477108
35.39321008
25.57477705
29.77547901
58.90527228
25.87847737
19.81745652
31.42784793
27.78973094
19.72175193
19.35339916
25.59264537
39.19598709
20.52256064
29.59670428
30.78214724
16.96124228
29.06422545
22.87823322
18.2092014
20.94862309
22.49019629
45.68697671
18.61886036
44.2042728
24.56466036
30.04937853
20.18049919
17.36128803
24.60843845
28.57560103
41.34183297
47.85754206
28.22996891
23.43138803
24.38666383
51.90196118
41.01139868
24.81709033
29.91886798
32.1241477
25.27992698
34.99328628
22.82923652
38.07934718
27.28899084
22.96502655
36.31409197
33.67969812
31.54941659
15.32994598
36.99353042
45.16246309
19.9103229
39.6942247
33.15568804
37.3777068
28.38420715
23.31601457
23.73690416
22.0804915
35.43579788
36.14622742
29.15588638
30.95020998
32.09236307
35.32173667
28.92809969
32.15497085
28.55362807
28.21202435
18.81028472
31.51639601
27.84487703
32.01632737
21.73530192
28.56542337
18.22108818
24.74927919
29.24560947
21.42380425
28.01643429
20.08276513
18.05976983
16.91755568
18.15397899
31.31924949
38.53095312
42.04017729
43.47422017
54.89395011
44.32910684
44.25561938
41.44399201
36.11653337
57.28741928
44.16034206
35.49350751
33.7643399
42.71322211
44.24852397
53.00160245
38.02983159
56.86065485
28.58194877
27.60630221
73.78388694
21.17142001
39.73185343
30.52645175
34.2657819
31.77041296
32.64499911
34.25033972
33.2458841
37.4375527
37.08143763
35.01686143
32.80616488
34.54511357
38.20720251
43.00326571
33.77199997
26.35719869
24.97753892
36.70753069
44.29030311
19.86277582
38.16650663
25.67066471
36.29860396
31.32954934
29.37227456
21.14016958
52.68246002
25.0690778
26.47432686
38.89953483
27.67313668
22.96711701
20.1922944
36.60080897
25.11244408
22.78245238
16.47690567
26.31013981
24.12927472
17.43097601
31.58718271
16.95663403
25.53217387
30.91050613
22.63155588
44.07701257
34.94438113
21.52332361
25.30536382
22.01449625
38.0456553
23.00212118
23.78690796
25.98867809
23.19499522
45.16421788
38.55207168
28.75143074
34.66466798
40.09001332
28.29013531
29.98414612
42.53876579
48.22313287
47.24666239
27.6725569
33.0882431
35.09120344
44.75709191
32.93504257
53.56455362
36.84939367
44.27573084
25.01181072
36.38391722
34.94837901
35.1940187
31.19967978
19.62087446
29.31657917
32.73917784
17.619959
19.89831408
25.59351513
25.64397674
33.55573381
29.41724298
29.45064491
31.51631986
32.75471149
19.86453057
29.98158257
21.43047248
34.55599322
27.68242944
25.81660205
29.40137355
29.44126066
24.04695227
35.00824013
17.5605862
19.23872762
23.61326033
21.11355783
27.68313137
23.52494112
25.8516063
30.47058856
23.3424279
28.78480224
46.43054882
48.02116456
26.24640287
34.55364337
34.23288337
30.63292922
30.9161214
21.51810497
27.08299401
18.30777465
23.17116066
46.31599935
32.63903277
24.56025048
21.8563823
27.76699493
19.33768237
27.89417891
22.84634188
17.39157718
22.99145516
23.94331294
17.1801177
22.74593748
24.39082954
22.42926708
28.58231501
32.24638763
29.95136966
40.54561708
21.91699108
16.41356544
16.19697888
25.25310156
20.56807831
35.57767626
35.05960193
53.18161326
26.707851
29.6284583
33.29147807
36.97894288
30.397101
25.65996813
28.96304286
24.1862976
19.78559567
26.21658671
24.28921971
23.97795091
23.91113164
31.12356781
32.22911442
21.47235847
30.61165809
29.60308254
35.28773965
22.83109805
22.39926775
32.97538742
27.85735886
29.52584139
16.37410559
27.83213571
22.74657835
19.5102466
30.29202737
23.66529351
30.63579789
15.77045866
22.85165199
21.24438866
26.02519288
26.74505249
28.28230736
25.16929904
21.26303519
20.87008484
48.9147329
26.14612066
25.11316116
23.73485947
29.5425653
30.4697187
25.41988274
27.3489283
17.82586421
32.65761829
36.41461843
33.33141094
17.9484247
27.37802731
20.49845139
28.26201295
26.85714522
28.62131715
25.37290018
15.72707732
29.90324275
23.43242566
17.84553314
21.87528824
28.51967676
29.90074031
27.79758929
28.1057147
14.64806608
20.73191439
18.5746397
25.47617324
20.10891907
13.73151765
18.6972917
28.92895419
17.97534162
18.13359292
17.53344035
23.32932045
33.77749323
26.45624497
23.63913962
22.96118126
33.0064396
19.19240122
22.02430783
20.11454967
29.63279191
25.47286204
20.09776471
20.1999239
17.05101108
33.41087998
25.4092777
21.67783651
29.20146513
26.93038867
42.25540591
19.96884125
18.83218145
22.9371025
19.46677367
22.96737646
17.96484341
21.30507384
21.58104853
23.0955217
19.4652478
21.74541866
18.98567197
20.6436105
18.9701383
18.26492737
27.46666693
15.48990634
19.20541718
25.36810884
23.4228735
25.63303599
19.88604585
16.79902362
29.21690722
28.46857431
17.40058005
26.49811573
21.93514935
26.78326109
40.18805251
27.38330691
35.60357092
12.39234013
22.50983465
19.64246605
18.35060675
18.11648753
14.96984834
49.50386859
28.24521272
21.46721619
21.87948447
22.82992318
16.93391339
23.96459928
29.38333739
14.16881077
14.73688888
22.41423689
24.56656768
18.50391415
14.6302283
19.29449931
14.53237217
15.96940585
15.74195488
15.493187
22.47904197
22.27479993
58.46543094
46.90476862
20.40370815
47.82377388
19.88281088
41.04043661
43.30150341
36.6011294
26.00115988
28.83276131
26.20602749
20.18374934
19.34139028
39.45813722
20.88073569
27.3121692
42.35497091
17.45458172
28.08064413
15.78631283
12.93691936
25.55988421
26.0876633
23.61463363
23.04298488
45.71755579
30.46797916
23.26735354
25.92936622
21.16054036
18.19047855
24.48928073
35.3263297
22.72938142
20.17488382
19.27673779
25.44150473
27.47341132
31.51258129
23.59827594
24.9259329
31.14093259
38.50267815
25.88699187
23.31093327
39.86698747
18.16261562
22.8360573
18.22737486
24.63563005
29.90354792
28.58899847
22.76646089
40.19977136
29.65215556
24.37627238
22.13795699
25.9790038
40.80891145
28.34311459
26.44591458
29.86359987
25.05709948
24.3399712
26.00367765
23.38651125
29.70682867
32.92480376
30.69483504
28.72602449
36.50177793
35.20534089
28.40663787
31.73733142
33.88944862
21.93691937
34.82473513
28.8403451
24.8381783
28.18107903
17.02612362
37.35880093
32.34753971
26.13888785
26.83817831
25.19414077
46.19928319
43.7809571
19.53200598
35.8842606
22.97071816
23.02236997
30.77538742
25.4415658
16.89655927
22.30856819
20.59237068
32.47983551
19.33452373
29.13968128
26.60991853
28.10786616
39.68519144
16.68653412
25.32253017
39.9658505
36.27417433
42.65053808
53.37978217
21.82180536
30.6441293
23.02287349
21.70867494
31.23974992
27.39417132
24.12507841
23.55811418
40.75674089
34.61988277
27.2159917
21.42992315
34.5610745
22.40485258
30.15368912
24.43778154
25.8928514
24.03614884
27.30841553
39.63567583
33.88629
23.05606184
34.4422678
30.44553317
29.38205563
25.01347393
20.47045109
22.7179677
25.55643568
25.62479612
30.10696595
27.88474884
22.74468628
32.67431174
24.95867879
32.04965312
26.13450848
26.58158258
22.25365092
33.36136443
22.38129262
25.53933034
24.77084019
19.26608697
40.40065636
22.82220207
27.32204187
34.70983479
21.15848041
28.40703461
27.51146741
26.56174583
27.56582002
26.18382562
27.34375545
41.74631906
18.37909534
14.91311532
28.79089058
31.14503724
23.07490677
18.87736345
40.28621372
45.24904278
51.60140406
56.65951047
29.68508451
34.2770888
41.8697034
24.99594138
31.3403222
29.29436201
36.32260643
35.00976601
46.77965998
29.93536297
37.04545689
25.94198548
36.71868499
22.25014133
37.45803023
36.05432237
25.47182443
38.9380486
22.50122851
42.66469842
26.14921817
26.90428036
53.53785034
23.73461527
29.7685819
38.23962797
27.20453208
40.41431326
30.75446728
31.92124839
28.65987658
32.36221888
25.70328852
25.16340906
17.96253928
26.36624727
30.16795631
27.27220585
36.53208234
25.67696673
21.96427876
27.28210903
32.15785476
32.20767554
22.89423992
22.75681718
23.50194573
21.63968891
22.46517147
26.97579944
46.37702013
20.59263009
30.82381957
22.25297953
18.36380579
24.31952416
24.31085705
23.63282235
21.42668826
17.38924257
22.50218991
18.40944554
23.54193961
22.32748937
24.30609621
23.07640211
31.35037786
31.39774194
25.60071741
29.36488922
32.56878028
33.62037105
30.02958748
39.18915112
26.13226542
36.59801657
24.24918005
31.09974842
30.09445356
21.21181064
32.4488291
27.81667832
40.24856976
24.24571621
32.29289716
22.39714676
43.41062065
33.41652579
23.47525765
37.17387675
22.54348076
37.00639376
30.4863968
21.92524626
34.74445734
19.34424373
22.29726123
32.09955008
17.90267818
18.52866427
14.06875732
24.15269728
16.33075476
50.14030696
24.481575
22.42963325
24.08317718
41.41057474
38.45423089
17.30394466
18.54460994
28.62548275
31.84664721
21.67432688
16.03782731
28.09391961
22.77355629
21.52793182
21.93136511
30.1886475
33.25964774
17.44522795
25.96408049
26.14621223
17.19987813
23.2828109
24.09225621
23.35057621
24.54146658
20.59510208
25.16487404
33.20106835
28.28146821
25.75718341
24.99186716
27.40198382
32.26761295
23.83862088
21.12956458
20.70759154
23.78672481
26.62586427
21.25897628
28.28184955
14.05641276
14.46994752
13.63009095
16.25143834
13.71818127
29.00119043
28.94836372
16.48369595
25.24769994
32.46456128
12.68529808
28.51039925
19.91638071
22.543374
26.15419267
34.55172066
20.66285213
51.07417438
26.41295515
30.31705219
23.74154291
26.02258359
64.67147347
25.9670102
85.48274999
26.11503798
37.06244015
29.14192444
19.80680575
23.43349376
23.09524702
29.39996967
45.21562562
17.27756181
24.46695683
29.0836197
32.10667612
24.7897309
32.36037257
25.22763433
19.6687726
30.57233564
36.16455359
24.35927391
24.15941117
24.75910607
25.3269553
38.62208005
28.32695528
30.41042217
19.09100502
27.16672031
20.37695908
25.67670733
38.6361184
27.25217083
38.54998117
37.41806696
42.32875587
45.48303985
30.73191443
20.54718872
48.25041608
35.36537754
37.7963839
24.47756182
28.93460009
23.80361662
27.33377605
29.42616944
27.10859869
18.13870466
31.41138343
40.09724596
37.5008776
44.9531093
26.76430934
45.15983865
29.35449779
17.687999
27.13441693
30.15719869
23.98814391
30.50475335
24.87132091
18.35729019
21.28641207
16.12518521
16.96021994
20.55935016
16.81841781
29.32149256
22.8821395
22.07138189
33.89031842
24.17248823
38.67206863
30.12144675
31.62771063
29.45453597
25.35455888
27.56583534
30.43408888
54.67042068
44.23451614
23.61596113
22.92591766
55.6471964
23.20961336
38.33327252
36.74735664
21.70249504
26.82246149
26.1126881
19.58292535
23.40105309
25.18704529
31.32256067
35.28290247
28.26301993
17.726589
21.85387983
26.43247142
26.67470843
27.04109278
19.30307485
18.17079441
22.74027635
54.08790757
26.14248898
30.03053352
30.10283081
27.26582764
32.75744279
24.83013683
30.08928079
25.20862159
31.25774038
27.89639147
26.70127435
35.86794867
24.99633806
26.36920754
42.35935027
22.21507616
32.41808218
24.44242032
23.04440398
19.75982321
17.3890442
25.34966076
33.41742603
27.35152231
13.66182974
19.88334493
31.44196252
22.94476249
49.50113717
33.7647366
47.07637167
33.88188012
37.01562544
14.31033823
22.19870319
31.41974539
12.69486555
21.50052663
50.97161851
29.02188164
27.29779527
22.70510435
27.97602832
31.39087536
18.80904875
21.16643035
30.38625182
26.02740545
21.48377219
21.93583598
31.51873064
37.20798079
25.42562005
26.95738176
20.65122474
15.99990866
13.56511808
21.12497163
19.42407894
15.68525234
19.82549803
19.59586499
17.98829652
28.03311241
19.41855517
19.73675156
14.76682708
16.81287884
24.64638775
19.98944098
15.31110116
17.83187631
18.8801711
18.84655549
16.14486936
17.72335416
29.71557211
16.60706509
17.45597032
14.09221048
16.61101722
27.00961353
14.4591747
52.65488705
24.19504103
23.4405129
36.12129422
50.89675776
24.88624424
26.2074924
30.64388517
27.43521808
35.37552477
29.08752593
24.47443371
36.64403785
30.67098516
17.99298104
18.03164745
17.14921818
18.43544692
16.40639374
17.22081349
18.41783802
20.65726727
21.59478165
22.97891227
20.24908847
27.64267974
39.32735214
23.67893513
15.6271002
22.0635998
17.85456643
33.75352126
48.65029406
26.95190375
47.75648155
26.87966762
25.92436127
44.88416903
36.52768775
25.04348842
24.36534696
27.22494872
27.83321911
28.04306113
30.6559551
19.80378444
31.14638003
25.34642584
32.36206628
19.0534678
18.60727874
23.99844381
27.22943483
28.9690244
33.56853609
23.00883517
34.26317268
24.3637143
18.20877413
24.77213722
36.53707208
32.64324428
19.56870391
18.87505931
36.6019534
25.92169092
26.40683634
28.15948754
25.74923356
21.38382561
31.27440324
25.84574687
24.10913271
25.88421479
19.57119115
40.141253
21.29111178
20.57238138
19.94885192
24.04557889
20.42861084
32.97349529
39.35243796
31.27803486
20.99050908
32.07908771
62.32034829
20.73992543
26.52341516
24.97160313
18.46831482
22.96707122
39.11485483
44.5115133
21.58753358
17.71789138
22.772244
17.0341346
8.382269189
37.96723915
43.27890466
29.11294743
29.40698883
35.14879096
20.87870625
42.50113708
22.80016802
55.2971087
16.23929214
36.18649599
26.88752597
42.44707436
39.0942705
29.21019327
28.97134377
48.93151783
28.47040533
32.41971489
31.42046258
41.9184408
29.5130696
26.76511808
30.430564
29.87463209
33.31726579
34.96681192
26.42558957
22.84939366
37.31168101
29.45552779
39.12486481
37.2058139
32.28322293
34.53015968
21.51909688
25.76157797
25.16672029
22.69352277
26.63126593
27.6864731
28.62912968
22.35895339
25.6412911
27.12854217
22.11071965
22.52268272
26.1214773
30.58870855
36.47777548
29.67855365
34.64107748
24.92124834
24.42888552
31.49527758
25.08711398
35.60889625
35.88844157
28.81083411
43.50702716
29.98355097
27.53940665
29.37277815
26.81921133
33.36002156
24.96298179
35.78213195
35.06819281
27.22781742
35.26761292
29.71863911
26.6979021
23.80956763
45.1655149
19.23860552
25.58846435
32.56881079
39.8903794
31.95782428
32.43591994
17.15980791
29.30331904
33.20613438
26.25609236
25.87664628
37.87817222
30.35144602
18.78817444
51.05500914
42.04580786
27.6121922
30.12712316
33.79365253
39.68464205
29.03773575
40.90931596
31.282399
33.44374784
35.44623501
29.9861145
38.61501508
24.60247217
42.79407975
27.94221425
27.24756258
26.7623257
23.30411251
29.2063022
25.78574827
34.28154442
34.74651739
19.41060523
18.83178472
21.60033592
25.86675844
50.84707444
16.23927687
18.8909592
32.37885125
26.91871544
20.31352731
19.04506009
35.78942574
28.35172068
18.20247216
14.81594584
21.04075703
44.8001072
27.38109424
33.14676154
25.24029928
30.42226319
40.11981409
25.07783652
29.05929679
30.98207088
25.18664859
27.21757859
39.18109437
36.2524913
42.6106816
32.72333892
28.84524325
37.78236082
33.15695451
39.36931439
29.23825462
25.63288339
26.51932575
44.39868793
23.78359669
28.05180458
27.05638232
22.76730013
33.46498843
24.48946388
26.73205175
19.35713762
33.99430861
29.1934389
18.59943562
58.25877802
39.04440401
29.24435837
20.11059761
21.84136745
26.80799593
28.55390272
17.97973623
18.98304742
18.66567503
23.31866962
26.48511507
17.18211662
26.04364101
18.33742293
21.530709
29.97114542
28.08751078
24.32558195
38.88935706
22.94941655
28.56314966
48.84176423
29.72961038
27.1680631
33.32312525
24.20064109
26.83773579
29.87949976
35.64043661
37.68203272
33.89495712
27.47167187
34.56940593
24.85008034
21.67989642
20.700725
27.55785479
21.48990638
25.09106609
36.2894639
27.31506852
24.61156657
49.75625271
26.00248744
19.7537196
16.62041675
26.23682025
41.45050765
22.25967824
31.89036416
16.39374397
16.05781661
22.41208538
31.79816916
43.4687117
20.63358526
20.22413992
22.38596191
25.78927312
17.56021994
16.19011236
21.08233784
26.58829652
14.02275134
21.26430172
39.9853516
68.4913104
38.54224485
53.20622596
22.90215931
47.76839884
49.58498537
56.35931966
54.73095318
57.97103867
23.58107901
31.42548286
18.71273381
19.32842012
31.4649121
23.08076623
25.31468702
27.60817906
29.62781744
28.89431626
28.18004141
33.47887408
26.73040381
21.3187917
26.30817142
29.57720323
20.29706283
28.1800414
19.87402172
20.2866257
41.99604817
35.87920978
45.93069382
26.88491668
25.89750532
36.96665927
25.23132702
20.62584896
38.61376393
35.5441522
33.7185018
33.26015132
24.99673482
25.85636705
53.43364649
24.83239521
25.16792575
46.00207548
29.30716431
22.63581312
22.75988421
27.27438797
39.3508967
53.39516327
34.80415067
44.75797692
60.66694178
28.28189541
32.95674091
30.35327709
30.35295668
24.16887185
49.35164449
30.90426517
21.33638536
20.80254847
37.15649685
33.23793416
23.4438089
28.24612825
18.22000479
17.92184347
19.76256985
18.3365837
25.67634111
15.6065158
17.76185265
16.33698044
18.37233558
19.82371275
17.77145056
25.52108058
20.84005509
21.37540262
18.86845215
17.37717268
19.39032597
32.10359372
25.06695684
24.80741607
25.49886345
16.99374398
15.34584594
16.69202733
33.24037567
34.1565884
21.84538054
21.75681717
30.22140869
16.99589555
21.29324809
21.93311991
23.18573304
19.41327552
18.54839415
20.43222726
19.01667832
21.67019169
10.6199742
20.62533017
23.4063174
16.54149707
26.39729944
26.59620083
18.1935914
27.81254322
22.35112554
17.62945009
37.72607037
31.92777926
23.42969429
31.68064423
22.29855823
17.56412624
36.5271842
22.72613128
35.88633577
23.30176264
22.42258354
45.24591472
20.99923723
31.24727267
43.56041834
67.11827306
29.23759845
44.39380509
29.34239743
26.39763508
22.66012074
31.50537901
37.89396532
27.50125911
20.87859938
29.64919531
19.17207615
29.40529505
33.80286894
32.2657819
33.48117822
24.21846365
39.16911597
36.66196714
47.87928614
37.51587727
34.21353497
39.84048243
37.78468021
33.77099282
39.33771293
26.93122784
38.37267137
15.41661724
31.42174434
26.23245619
32.54750918
22.46802491
43.63927694
31.14828735
29.86567506
36.64536531
28.8785079
48.76839888
33.30229672
35.76079979
32.5128102
34.05757254
22.57151161
35.22752748
40.00770606
28.9713285
38.1160604
28.2007479
29.06414923
31.39794026
27.10917858
29.72710794
25.19839809
35.30542482
21.86500365
22.83015202
33.83146432
32.63224253
32.40227379
21.90753051
42.29057781
36.59089057
28.62819893
15.0276495
17.6540324
29.26677371
22.82511649
22.38461914
13.46572078
28.31464139
33.40416595
31.44136755
19.40961335
28.46268442
26.31123846
36.90246471
37.77575364
30.04168783
20.7921723
49.02589484
32.72570408
27.56110495
20.59330149
30.51490064
39.87281642
20.77199986
37.20308257
23.82261408
28.58808288
43.67731771
36.97868337
35.68374177
32.53456951
38.69782589
30.39394244
29.51821189
30.01423688
